2
15
17
25
42
51
58
71
87
102
125
129
141
161
176
189
200
202
204
215
224
304
319
322
323
335
342
385
401
442
450
451
454
470
492
513
523
534
557
559
560
562
566
570
580
587
602
618
644
645
648
654
665
699
706
732
748
751
753
756
760
765
775
787
795
798
803
809
838
854
856
863
878
880
885
886
896
908
919
924
931
937
944
947
948
956
959
982
986
987
988
1001
1020
1021
1022
1025
1026
1032
1034
1035
1052
1070
1084
1090
1101
1103
1120
1131
1135
1140
1143
1147
1151
1157
1158
1159
1162
1181
1187
1200
1205
1212
1232
1239
1242
1246
1271
1294
1295
1299
1301
1304
1324
1341
1358
1388
1393
1404
1405
1408
1411
1418
1421
1431
1436
1443
1469
1478
1530
1537
1540
1549
1554
1568
1578
1583
1598
1599
1601
1612
1613
1617
1623
1633
1644
1652
1656
1662
1663
1687
1707
1724
1725
1737
1754
1755
1758
1764
1765
1816
1826
1834
1842
1848
1852
1870
1884
1891
1894
1903
1911
1919
1923
1927
1968
1969
1978
1979
1982
1987
1997
2007
2014
2015
2026
2033
2035
2039
2043
2047
2050
2062
2081
2093
2116
2117
2118
2125
2156
2173
2182
2189
2190
2207
2209
2211
2212
2213
2217
2222
2227
2237
2242
2252
2258
2267
2273
2291
2310
2317
2318
2320
2335
2341
2364
2376
2381
2396
2401
2407
2415
2416
2438
2445
2455
2457
2463
2468
2481
2492
2500
2511
2527
2532
2534
2539
2546
2555
2583
2606
2631
2652
2654
2655
2657
2663
2673
2685
2688
2690
2699
2718
2732
2740
2783
2797
2802
2807
2809
2818
2819
2820
2828
2842
2843
2847
2849
2856
2858
2860
2867
2873
2880
2886
2920
2933
2936
2941
2963
2974
2977
2985
3016
3032
3047
3056
3062
3073
3078
3090
3091
3097
3098
3102
3121
3139
3155
3169
3185
3188
3192
3208
3215
3219
3222
3223
3235
3237
3242
3259
3272
3273
3274
3280
3282
3301
3310
3313
3326
3328
3330
3357
3367
3372
3378
3379
3385
3386
3388
3390
3415
3431
3434
3453
3466
3477
3487
3514
3531
3535
3543
3546
3587
3591
3599
3603
3605
3610
3612
3613
3614
3625
3632
3641
3667
3672
3681
3689
3704
3705
3710
3741
3745
3761
3773
3778
3779
3799
3824
3828
3839
3840
3845
3853
3866
3874
3883
3887
3888
3899
3905
3906
3921
3924
3929
3930
3932
3935
3936
3953
3956
3960
3961
3974
3979
3988
3992
3995
4000
4014
4018
4030
4031
4048
4069
4071
4075
4094
4096
4097
4117
4131
4132
4140
4147
4159
4160
4164
4170
4174
4201
4206
4213
4221
4222
4235
4253
4261
4262
4264
4269
4280
4292
4300
4320
4333
4335
4346
4347
4354
4356
4357
4360
4379
4381
4383
4388
4428
4431
4452
4455
4457
4462
4482
4486
4518
4534
4550
4555
4565
4568
4573
4592
4593
4609
4613
4617
4624
4626
4642
4662
4672
4691
4692
4699
4705
4715
4724
4726
4727
4728
4738
4751
4763
4793
4803
4811
4818
4821
4844
4847
4859
4868
4895
4898
4900
4917
4923
4929
4937
4948
4951
4973
4980
5007
5023
5024
5042
5046
5053
5060
5072
5078
5089
5097
5112
5130
5137
5139
5151
5160
5180
5186
5204
5212
5263
5278
5281
5283
5288
5293
5299
5300
5313
5314
5322
5360
5383
5392
5398
5403
5414
5417
5421
5435
5438
5447
5455
5456
5466
5468
5470
5479
5483
5488
5490
5506
5508
5536
5541
5550
5552
5561
5590
5591
5594
5604
5612
5618
5626
5627
5648
5649
5684
5699
5702
5704
5728
5759
5765
5783
5799
5806
5832
5853
5855
5878
5899
5900
5914
5918
5927
5933
5950
5954
5965
5980
6013
6023
6028
6041
6052
6062
6065
6074
6082
6083
6088
6129
6132
6136
6137
6139
6166
6170
6172
6213
6221
6263
6269
6273
6287
6308
6326
6329
6333
6342
6351
6355
6379
6380
6385
6402
6409
6414
6427
6443
6448
6449
6466
6481
6502
6506
6541
6549
6560
6564
6573
6578
6585
6620
6639
6642
6659
6693
6716
6717
6737
6750
6762
6766
6769
6783
6808
6809
6841
6844
6847
6848
6871
6885
6886
6902
6923
6924
6927
6934
6948
6954
6955
6974
6986
6987
6990
7000
7003
7018
7024
7025
7028
7036
7051
7053
7059
7062
7073
7083
7089
7090
7095
7097
7109
7116
7120
7129
7140
7149
7157
7159
7165
7170
7180
7195
7203
7215
7219
7230
7265
7267
7294
7303
7315
7333
7348
7375
7427
7429
7442
7451
7457
7462
7479
7494
7506
7512
7529
7557
7565
7577
7578
7604
7614
7619
7644
7645
7650
7659
7670
7679
7682
7687
7698
7700
7708
7725
7734
7752
7756
7761
7773
7787
7788
7790
7794
7799
7821
7840
7843
7872
7876
7883
7896
7897
7906
7912
7915
7919
7920
7963
7973
7982
7987
7991
8008
8023
8024
8036
8059
8063
8070
8077
8078
8084
8099
8100
8101
8104
8106
8115
8122
8129
8135
8144
8156
8162
8164
8168
8202
8214
8219
8233
8245
8257
8265
8266
8276
8282
8286
8296
8302
8308
8312
8331
8334
8336
8346
8354
8361
8384
8385
8412
8419
8432
8440
8441
8454
8458
8482
8494
8509
8516
8528
8531
8545
8592
8596
8601
8618
8620
8622
8643
8657
8662
8669
8690
8718
8735
8751
8771
8795
8803
8821
8824
8829
8837
8867
8872
8873
8876
8877
8880
8885
8891
8892
8894
8896
8919
8922
8958
8961
8977
8995
9014
9020
9024
9026
9029
9031
9046
9047
9069
9071
9072
9074
9080
9083
9086
9092
9108
9139
9143
9151
9168
9188
9189
9194
9198
9202
9212
9219
9223
9240
9291
9294
9311
9333
9361
9363
9371
9378
9386
9402
9429
9440
9447
9448
9475
9497
9521
9544
9560
9566
9568
9577
9616
9620
9628
9630
9633
9635
9644
9651
9653
9657
9666
9675
9682
9686
9690
9702
9704
9710
9716
9725
9727
9746
9781
9798
9826
9828
9842
9849
9868
9869
9876
9882
9931
9943
9945
9958
9967
9968
9972
9993
9996
10011
10013
10018
10027
10050
10059
10068
10102
10114
10115
10119
10130
10135
10138
10143
10145
10153
10169
10178
10189
10210
10211
10217
10223
10236
10267
10270
10283
10285
10288
10313
10339
10341
10342
10354
10356
10374
10384
10391
10414
10420
10445
10452
10461
10469
10473
10482
10510
10515
10538
10557
10563
10577
10601
10607
10611
10619
10626
10627
10631
10674
10687
10700
10732
10736
10741
10756
10776
10779
10780
10782
10786
10788
10802
10809
10813
10822
10836
10840
10845
10852
10896
10903
10919
10920
10950
10977
10983
10985
10999
11005
11013
11019
11028
11038
11053
11056
11063
11068
11078
11079
11084
11107
11118
11130
11153
11162
11164
11168
11174
11175
11177
11180
11193
11196
11205
11208
11227
11232
11258
11259
11261
11264
11270
11272
11298
11304
11309
11313
11330
11343
11351
11359
11386
11390
11392
11428
11429
11442
11459
11469
11475
11476
11487