51
55
68
70
79
84
94
102
105
111
123
128
133
144
166
173
180
201
215
216
240
251
252
272
286
301
307
327
360
363
365
382
390
395
396
415
430
443
488
491
514
586
593
596
600
611
621
644
653
656
657
692
702
714
721
749
754
810
823
853
860
870
871
885
891
896
904
925
967
975
980
993
999
1028
1039
1045
1058
1060
1072
1097
1108
1110
1111
1118
1135
1137
1161
1168
1170
1178
1201
1210
1226
1235
1255
1273
1291
1297
1312
1315
1320
1322
1330
1344
1351
1368
1373
1376
1396
1406
1417
1420
1425
1440
1442
1460
1465
1475
1479
1491
1497
1507
1523
1540
1564
1582
1595
1619
1624
1667
1707
1746
1757
1777
1786
1788
1799
1807
1816
1818
1832
1833
1856
1865
1889
1895
1897
1911
1917
1935
1939
1940
1944
1951
1953
1983
2006
2033
2038
2046
2050
2068
2073
2075
2105
2133
2154
2179
2182
2186
2191
2197
2220
2222
2278
2280
2332
2335
2339
2353
2357
2369
2409
2416
2426
2428
2453
2462
2465
2475
2479
2494
2510
2542
2546
2549
2551
2586
2603
2615
2619
2622
2630
2637
2676
2694
2695
2698
2701
2738
2755
2782
2786
2829
2843
2880
2888
2936
2957
2959
2964
2982
2990
2998
3002
3004
3021
3037
3042
3051
3070
3077
3086
3093
3100
3107
3116
3145
3149
3152
3160
3169
3170
3175
3182
3228
3246
3295
3298
3302
3308
3338
3363
3370
3395
3401
3414
3446
3453
3470
3521
3524
3545
3563
3585
3618
3649
3656
3667
3688
3691
3725
3738
3754
3767
3773
3797
3807
3822
3831
3832
3836
3837
3864
3876
3878
3881
3883
3891
3892
3935
3940
3947
3967
3972
3981
3982
4006
4010
4013
4014
4020
4060
4065
4070
4084
4100
4109
4119
4144
4168
4177
4192
4198
4203