2	70, 20, 5, 3, 2
2	70, 20, 5, 3, 2
15	70, 20, 5, 3, 2
15	90, 5, 3, 1, 1
17	90, 5, 3, 1, 1
17	90, 5, 3, 1, 1
25	70, 20, 5, 3, 2
25	90, 5, 3, 1, 1
26	90, 5, 3, 1, 1
26	90, 5, 3, 1, 1
42	90, 5, 3, 1, 1
42	95, 3, 1, 0, 1
51	90, 5, 3, 1, 1
51	90, 5, 3, 1, 1
58	95, 3, 1, 0, 1
58	90, 5, 3, 1, 1
71	70, 15, 10, 3, 2
71	95, 3, 1, 0, 1
80	70, 20, 5, 3, 2
80	95, 3, 1, 0, 1
87	95, 3, 1, 0, 1
87	95, 3, 1, 0, 1
102	90, 5, 3, 1, 1
102	20, 60, 10, 5, 5
125	90, 5, 3, 1, 1
125	95, 3, 1, 0, 1
129	90, 5, 3, 1, 1
129	90, 5, 3, 1, 1
141	70, 20, 5, 3, 2
141	90, 5, 3, 1, 1
145	90, 5, 3, 1, 1
145	90, 5, 3, 1, 1
146	90, 5, 3, 1, 1
146	90, 5, 3, 1, 1
161	90, 5, 3, 1, 1
161	70, 20, 5, 3, 2
176	90, 5, 3, 1, 1
176	95, 3, 1, 0, 1
189	95, 3, 1, 0, 1
189	95, 3, 1, 0, 1
200	10, 20, 50, 15, 5
200	10, 5, 2, 1, 1
202	90, 5, 3, 1, 1
202	95, 3, 1, 0, 1
204	90, 5, 3, 1, 1
204	90, 5, 3, 1, 1
215	90, 5, 3, 1, 1
215	95, 3, 1, 0, 1
221	95, 3, 1, 0, 1
221	95, 3, 1, 0, 1
224	90, 5, 3, 1, 1
224	95, 3, 1, 0, 1
289	90, 5, 3, 1, 1
289	90, 5, 3, 1, 1
311	90, 5, 3, 1, 1
311	90, 5, 3, 1, 1
319	95, 3, 1, 0, 1
319	90, 5, 3, 1, 1
322	90, 5, 3, 1, 1
322	95, 3, 1, 0, 1
323	90, 5, 3, 1, 1
323	90, 5, 3, 1, 1
335	90, 5, 3, 1, 1
335	90, 5, 3, 1, 1
342	70, 20, 5, 3, 2
342	70, 20, 5, 3, 2
385	90, 5, 3, 1, 1
385	90, 5, 3, 1, 1
401	10, 5, 2, 1, 1
401	70, 20, 5, 3, 2
425	70, 20, 5, 3, 2
425	70, 20, 5, 3, 2
442	90, 5, 2, 2, 1
442	90, 5, 3, 1, 1
450	10, 5, 2, 1, 1
450	90, 5, 3, 1, 1
451	70, 20, 5, 3, 2
451	90, 5, 3, 1, 1
452	90, 5, 3, 1, 1
452	10, 80, 5, 3, 2
454	90, 5, 3, 1, 1
454	90, 5, 3, 1, 1
470	90, 5, 3, 1, 1
470	90, 5, 3, 1, 1
509	90, 5, 3, 1, 1
509	70, 20, 5, 3, 2
513	90, 5, 3, 1, 1
513	90, 5, 3, 1, 1
523	90, 5, 3, 1, 1
523	90, 5, 3, 1, 1
534	20, 10, 5, 3, 2
534	90, 5, 3, 1, 1
557	90, 5, 3, 1, 1
557	70, 20, 5, 3, 2
559	90, 5, 3, 1, 1
559	95, 3, 1, 0, 1
560	90, 5, 3, 1, 1
560	90, 5, 3, 1, 1
562	90, 5, 3, 1, 1
562	90, 5, 3, 1, 1
566	90, 5, 3, 1, 1
566	90, 5, 3, 1, 1
570	70, 20, 5, 3, 2
570	90, 5, 3, 1, 1
580	95, 3, 1, 0, 1
580	95, 3, 1, 0, 1
587	10, 70, 15, 3, 2
587	90, 5, 3, 1, 1
602	70, 20, 5, 3, 2
602	90, 5, 3, 1, 1
618	90, 5, 3, 1, 1
618	90, 5, 3, 1, 1
621	90, 5, 3, 1, 1
621	90, 5, 3, 1, 1
644	90, 5, 3, 1, 1
644	90, 5, 3, 1, 1
645	90, 5, 3, 1, 1
645	90, 5, 3, 1, 1
648	90, 5, 3, 1, 1
648	90, 5, 3, 1, 1
654	90, 5, 3, 1, 1
654	95, 3, 1, 0, 1
665	90, 5, 3, 1, 1
665	95, 3, 1, 0, 1
699	90, 5, 3, 1, 1
699	90, 5, 3, 1, 1
706	90, 5, 3, 1, 1
706	90, 5, 3, 1, 1
732	90, 5, 3, 1, 1
732	90, 5, 3, 1, 1
748	90, 5, 3, 1, 1
748	90, 5, 3, 1, 1
751	90, 5, 3, 1, 1
751	95, 3, 1, 0, 1
753	90, 5, 3, 1, 1
753	90, 5, 3, 1, 1
756	90, 5, 3, 1, 1
756	90, 5, 3, 1, 1
760	90, 5, 3, 1, 1
760	90, 5, 3, 1, 1
765	90, 5, 3, 1, 1
765	10, 5, 2, 1, 1
775	90, 5, 3, 1, 1
775	95, 3, 1, 0, 1
787	90, 5, 3, 1, 1
787	90, 5, 3, 1, 1
795	90, 5, 3, 1, 1
795	90, 5, 3, 1, 1
798	90, 5, 3, 1, 1
798	90, 5, 3, 1, 1
803	70, 20, 5, 3, 2
803	70, 20, 5, 3, 2
809	90, 5, 3, 1, 1
809	90, 5, 3, 1, 1
838	90, 5, 3, 1, 1
838	90, 5, 3, 1, 1
854	90, 5, 3, 1, 1
854	90, 5, 3, 1, 1
856	70, 20, 5, 3, 2
856	70, 20, 5, 3, 2
863	90, 5, 3, 1, 1
863	90, 5, 3, 1, 1
877	70, 20, 5, 3, 2
877	10, 5, 2, 1, 1
878	95, 3, 1, 0, 1
878	90, 5, 3, 1, 1
880	70, 15, 5, 5, 5
880	90, 5, 3, 1, 1
885	90, 5, 3, 1, 1
885	90, 5, 3, 1, 1
886	90, 5, 3, 1, 1
886	90, 5, 3, 1, 1
896	90, 5, 3, 1, 1
896	90, 5, 3, 1, 1
897	70, 20, 5, 3, 2
897	90, 5, 3, 1, 1
908	90, 5, 3, 1, 1
908	90, 5, 3, 1, 1
919	90, 5, 3, 1, 1
919	90, 5, 3, 1, 1
924	70, 20, 5, 3, 2
924	90, 5, 3, 1, 1
931	90, 5, 3, 1, 1
931	90, 5, 3, 1, 1
937	90, 5, 3, 1, 1
937	70, 20, 5, 3, 2
944	90, 5, 3, 1, 1
944	90, 5, 3, 1, 1
947	95, 3, 1, 0, 1
947	95, 3, 1, 0, 1
948	95, 3, 1, 0, 1
948	90, 5, 3, 1, 1
956	90, 5, 3, 1, 1
956	90, 5, 3, 1, 1
959	90, 5, 3, 1, 1
959	70, 20, 5, 3, 2
982	90, 5, 3, 1, 1
982	90, 5, 3, 1, 1
986	90, 5, 3, 1, 1
986	90, 5, 3, 1, 1
987	90, 5, 3, 1, 1
987	90, 5, 3, 1, 1
988	90, 5, 3, 1, 1
988	90, 5, 3, 1, 1
1001	70, 15, 5, 5, 5
1001	90, 5, 3, 1, 1
1020	95, 3, 1, 0, 1
1020	90, 5, 3, 1, 1
1021	90, 5, 3, 1, 1
1021	90, 5, 3, 1, 1
1022	90, 5, 3, 1, 1
1022	90, 5, 3, 1, 1
1025	90, 5, 3, 1, 1
1025	90, 5, 3, 1, 1
1026	10, 5, 2, 1, 1
1026	90, 5, 3, 1, 1
1032	90, 5, 3, 1, 1
1032	90, 5, 3, 1, 1
1034	90, 5, 3, 1, 1
1034	70, 20, 5, 3, 2
1035	70, 20, 5, 3, 2
1035	90, 5, 3, 1, 1
1052	90, 5, 3, 1, 1
1052	70, 20, 5, 3, 2
1061	90, 5, 3, 1, 1
1061	90, 5, 3, 1, 1
1070	90, 5, 3, 1, 1
1070	90, 5, 3, 1, 1
1084	90, 5, 3, 1, 1
1084	90, 5, 3, 1, 1
1090	70, 20, 5, 3, 2
1090	70, 20, 5, 3, 2
1101	70, 20, 5, 3, 2
1101	90, 5, 3, 1, 1
1103	95, 3, 1, 0, 1
1103	90, 5, 3, 1, 1
1120	90, 5, 3, 1, 1
1120	90, 5, 3, 1, 1
1131	70, 20, 5, 3, 2
1131	90, 5, 3, 1, 1
1135	95, 3, 1, 0, 1
1135	90, 5, 3, 1, 1
1140	90, 5, 3, 1, 1
1140	90, 5, 3, 1, 1

The summary covers the main topic and key points of the news article, presenting them in a clear and logical order. It accurately mentions the military-style dagger drills, the use of mock weapons, the training by former special forces soldier Inspector Tan, and the emphasis on self-defence training for female students. However, there are some minor details missing or not fully explained, which may slightly affect the overall accuracy of the summary.
1143	90, 5, 3, 1, 1
1143	90, 5, 3, 1, 1
1147	90, 5, 3, 1, 1
1147	90, 5, 3, 1, 1
1151	90, 5, 3, 1, 1
1151	95, 3, 1, 0, 1
1157	90, 5, 3, 1, 1
1157	90, 5, 3, 1, 1
1158	90, 5, 3, 1, 1
1158	90, 5, 3, 1, 1
1159	90, 5, 3, 1, 1
1159	90, 5, 3, 1, 1
1162	90, 5, 3, 1, 1
1162	95, 3, 1, 0, 1
1181	90, 5, 3, 1, 1
1181	95, 3, 1, 0, 1
1187	70, 20, 5, 3, 2
1187	90, 5, 3, 1, 1
1192	90, 5, 3, 1, 1
1192	90, 5, 3, 1, 1
1200	95, 3, 1, 0, 1
1200	90, 5, 3, 1, 1
1205	90, 5, 3, 1, 1
1205	90, 5, 3, 1, 1
1212	90, 5, 3, 1, 1
1212	90, 5, 3, 1, 1
1232	90, 5, 3, 1, 1
1232	90, 5, 3, 1, 1
1239	95, 3, 1, 0, 1
1239	90, 5, 3, 1, 1
1242	90, 5, 3, 1, 1
1242	90, 5, 3, 1, 1
1246	95, 3, 1, 0, 1
1246	90, 5, 3, 1, 1
1271	95, 3, 1, 0, 1
1271	95, 3, 1, 0, 1
1294	70, 20, 5, 3, 2
1294	90, 5, 3, 1, 1
1295	90, 5, 3, 1, 1
1295	90, 5, 3, 1, 1
1299	70, 20, 5, 3, 2
1299	90, 5, 3, 1, 1
1301	90, 5, 3, 1, 1
1301	95, 3, 1, 0, 1
1304	90, 5, 3, 1, 1
1304	10, 5, 80, 3, 2

The summary does mention Serena Williams achieving 700 career wins, which is a key point from the article. However, it fails to mention the specific event where this milestone was achieved (Miami Open), the details of the match against Sabine Lisicki, and the upcoming match against Simona Halep. The summary also inaccurately states that Venus Williams achieved 600 career wins. Overall, the summary lacks important details and does not cover the main topic and key points of the news article in a clear and logical order.
1324	90, 5, 3, 1, 1
1324	70, 20, 5, 3, 2
1341	90, 5, 3, 1, 1
1341	90, 5, 3, 1, 1
1358	90, 5, 3, 1, 1
1358	90, 5, 3, 1, 1
1388	90, 5, 3, 1, 1
1388	90, 5, 3, 1, 1
1393	90, 5, 3, 1, 1
1393	90, 5, 3, 1, 1
1404	90, 5, 3, 1, 1

The summary covers the main topic of Louis Smith representing Great Britain at the European Championships after his success at the London 2012 Olympics. It includes key points such as his previous medals, participation in other competitions, and the selection of other team members. However, it lacks information about the women's team and the dates of the championships. Overall, the summary is clear and presents the information in a logical order.
1404	95, 3, 1, 0, 1
1405	90, 5, 3, 1, 1
1405	90, 5, 3, 1, 1
1408	90, 5, 3, 1, 1
1408	90, 5, 3, 1, 1
1411	90, 5, 3, 1, 1
1411	90, 5, 3, 1, 1
1418	90, 5, 3, 1, 1
1418	90, 5, 3, 1, 1
1421	90, 5, 3, 1, 1
1421	90, 5, 3, 1, 1
1431	90, 5, 3, 1, 1
1431	90, 5, 3, 1, 1
1436	90, 5, 3, 1, 1
1436	90, 5, 3, 1, 1
1443	90, 5, 3, 1, 1
1443	95, 3, 1, 0, 1
1469	90, 5, 3, 1, 1
1469	90, 5, 3, 1, 1
1478	90, 5, 3, 1, 1
1478	90, 5, 3, 1, 1
1530	90, 5, 3, 1, 1
1530	90, 5, 3, 1, 1
1537	90, 5, 3, 1, 1
1537	90, 5, 3, 1, 1
1540	20, 10, 5, 3, 2
1540	70, 20, 5, 3, 2
1549	90, 5, 3, 1, 1
1549	95, 3, 1, 0, 1
1554	90, 5, 3, 1, 1

The summary covers the main topic of England sending an Under 20 team to the Toulon Tournament, as well as mentioning the involvement of Gareth Southgate's squad and Aidy Boothroyd leading the team. However, it misses out on key points such as the importance of the diversity and quality of opposition in Toulon for young players' education, as well as the potential inclusion of players like Liverpool's Jordon Ibe. Overall, the summary presents the information in a clear and logical order.
1554	90, 5, 3, 1, 1
1568	90, 5, 3, 1, 1
1568	90, 5, 3, 1, 1
1578	70, 20, 5, 3, 2
1578	90, 5, 3, 1, 1
1583	90, 5, 3, 1, 1
1583	90, 5, 3, 1, 1
1598	90, 5, 3, 1, 1
1598	90, 5, 3, 1, 1
1599	90, 5, 3, 1, 1
1599	95, 3, 1, 0, 1
1601	90, 5, 3, 1, 1
1601	95, 3, 1, 0, 1
1612	90, 5, 3, 1, 1
1612	90, 5, 3, 1, 1
1613	90, 5, 3, 1, 1
1613	90, 5, 3, 1, 1
1617	70, 20, 5, 3, 2
1617	90, 5, 3, 1, 1
1623	90, 5, 3, 1, 1
1623	90, 5, 3, 1, 1
1633	90, 5, 3, 1, 1
1633	90, 5, 3, 1, 1
1644	70, 20, 5, 3, 2
1644	90, 5, 3, 1, 1
1652	90, 5, 3, 1, 1
1652	10, 5, 5, 80, 0
1656	90, 5, 3, 1, 1
1656	90, 5, 3, 1, 1

The summary covers the main topic of Rickie Fowler standing up to a critic who accused his girlfriend of being a 'gold digger' and includes key points such as the Instagram photo shared by Alexis Randock and the exchange between Fowler and the troll. However, the summary could be improved by providing more details about the specific comments made by both Fowler and Alexis in response to the troll. Overall, the summary is clear and presents the information in a logical order.
1662	90, 5, 3, 1, 1
1662	90, 5, 3, 1, 1
1663	95, 3, 1, 0, 1
1663	90, 5, 3, 1, 1
1671	95, 3, 1, 0, 1
1671	90, 5, 3, 1, 1
1687	20, 10, 5, 3, 2
1687	90, 5, 3, 1, 1
1696	90, 5, 3, 1, 1
1696	90, 5, 3, 1, 1
1707	70, 20, 5, 3, 2
1707	90, 5, 3, 1, 1
1724	90, 5, 3, 1, 1
1724	90, 5, 3, 1, 1
1725	90, 5, 3, 1, 1
1725	90, 5, 3, 1, 1
1734	90, 5, 3, 1, 1
1734	90, 5, 3, 1, 1
1737	90, 5, 3, 1, 1
1737	90, 5, 3, 1, 1
1746	90, 5, 3, 1, 1
1746	90, 5, 3, 1, 1
1752	90, 5, 3, 1, 1
1752	90, 5, 3, 1, 1
1754	90, 5, 3, 1, 1
1754	90, 5, 3, 1, 1
1755	70, 20, 5, 3, 2
1755	10, 5, 3, 1, 1
1758	90, 5, 3, 1, 1
1758	95, 3, 1, 0, 1
1764	90, 5, 3, 1, 1
1764	90, 5, 3, 1, 1
1765	90, 5, 3, 1, 1
1765	90, 5, 3, 1, 1
1766	90, 5, 3, 1, 1

The summary covers the main topic of the article, which is about Kevin Toner being tracked by several clubs as his contract nears its end. It mentions key points such as the clubs interested in him and Tim Sherwood's interest in developing Villa's young talent. However, it lacks some details about Toner's leadership abilities and his involvement with the Republic of Ireland's Under-19s. Overall, the summary is clear and presents the information in a logical order.
1766	90, 5, 3, 1, 1
1774	90, 5, 3, 1, 1
1774	90, 5, 3, 1, 1
1783	90, 5, 3, 1, 1
1783	90, 5, 3, 1, 1
1816	90, 5, 3, 1, 1
1816	90, 5, 3, 1, 1
1826	90, 5, 3, 1, 1
1826	90, 5, 3, 1, 1
1834	90, 5, 3, 1, 1
1834	95, 3, 1, 0, 1
1842	90, 5, 3, 1, 1
1842	90, 5, 3, 1, 1
1848	90, 5, 3, 1, 1
1848	90, 5, 3, 1, 1
1852	70, 20, 5, 3, 2
1852	95, 3, 1, 0, 1
1870	90, 5, 3, 1, 1
1870	95, 3, 1, 0, 1
1884	95, 3, 1, 0, 1
1884	95, 3, 1, 0, 1
1891	90, 5, 3, 1, 1
1891	90, 5, 3, 1, 1

The summary covers the main topic of the news article, which is the sports plane crash in north-west Germany resulting in one fatality. It mentions the location, the number of passengers, and the aftermath of the crash. However, it lacks some key details such as the serious injuries of the passengers and the emergency response at the scene. Overall, the summary is clear and presents the main points in a logical order, but it could be more comprehensive.
1894	95, 3, 1, 0, 1
1894	90, 5, 3, 1, 1
1903	90, 5, 3, 1, 1
1903	90, 5, 3, 1, 1
1905	90, 5, 3, 1, 1
1905	90, 5, 3, 1, 1
1911	70, 20, 5, 3, 2
1911	95, 3, 1, 0, 1
1919	90, 5, 3, 1, 1
1919	90, 5, 3, 1, 1
1923	90, 5, 3, 1, 1
1923	90, 5, 3, 1, 1
1927	90, 5, 3, 1, 1
1927	90, 5, 3, 1, 1
1953	90, 5, 3, 1, 1
1953	10, 5, 3, 1, 1
1968	90, 5, 3, 1, 1
1968	70, 20, 5, 3, 2
1969	90, 5, 3, 1, 1
1969	90, 5, 3, 1, 1
1978	90, 5, 3, 1, 1
1978	90, 5, 3, 1, 1
1979	90, 5, 3, 1, 1
1979	90, 5, 3, 1, 1
1982	70, 15, 10, 3, 2
1982	10, 80, 5, 3, 2
1987	90, 5, 3, 1, 1
1987	90, 5, 3, 1, 1
1988	90, 5, 3, 1, 1
1988	90, 5, 3, 1, 1
1997	90, 5, 3, 1, 1
1997	90, 5, 3, 1, 1
2007	90, 5, 3, 1, 1
2007	90, 5, 3, 1, 1
2014	90, 5, 3, 1, 1
2014	10, 5, 2, 1, 1
2015	90, 5, 3, 1, 1
2015	90, 5, 3, 1, 1
2026	70, 20, 5, 3, 2
2026	70, 20, 5, 3, 2
2033	90, 5, 3, 1, 1
2033	90, 5, 3, 1, 1
2035	90, 5, 3, 1, 1
2035	90, 5, 3, 1, 1
2039	10, 5, 80, 3, 2
2039	90, 5, 3, 1, 1
2043	95, 3, 1, 0, 1
2043	90, 5, 3, 1, 1
2045	70, 20, 5, 3, 2
2045	90, 5, 3, 1, 1
2047	90, 5, 3, 1, 1
2047	90, 5, 3, 1, 1
2050	90, 5, 3, 1, 1
2050	90, 5, 3, 1, 1
2062	90, 5, 3, 1, 1
2062	90, 5, 3, 1, 1
2081	90, 5, 3, 1, 1
2081	90, 5, 3, 1, 1
2093	90, 5, 3, 1, 1
2093	90, 5, 3, 1, 1
2116	90, 5, 3, 1, 1
2116	90, 5, 3, 1, 1
2117	90, 5, 3, 1, 1
2117	90, 5, 3, 1, 1
2118	90, 5, 3, 1, 1
2118	90, 5, 3, 1, 1
2125	90, 5, 3, 1, 1
2125	90, 5, 3, 1, 1
2156	90, 5, 3, 1, 1
2156	90, 5, 3, 1, 1
2173	70, 20, 5, 3, 2
2173	90, 5, 3, 1, 1
2182	90, 5, 3, 1, 1
2182	90, 5, 3, 1, 1
2186	70, 20, 5, 3, 2
2186	90, 5, 3, 1, 1
2189	70, 20, 5, 3, 2
2189	90, 5, 3, 1, 1
2190	90, 5, 3, 1, 1
2190	90, 5, 3, 1, 1
2207	90, 5, 3, 1, 1
2207	90, 5, 3, 1, 1
2209	90, 5, 3, 1, 1
2209	95, 3, 1, 0, 1
2211	90, 5, 3, 1, 1
2211	90, 5, 3, 1, 1
2212	90, 5, 3, 1, 1
2212	90, 5, 3, 1, 1
2213	70, 20, 5, 3, 2
2213	90, 5, 3, 1, 1
2217	90, 5, 3, 1, 1
2217	90, 5, 3, 1, 1
2222	90, 5, 3, 1, 1
2222	90, 5, 3, 1, 1
2237	90, 5, 3, 1, 1
2237	90, 5, 3, 1, 1
2242	70, 20, 5, 3, 2
2242	10, 5, 2, 1, 1
2245	90, 5, 3, 1, 1
2245	90, 5, 3, 1, 1
2252	90, 5, 3, 1, 1
2252	70, 20, 5, 3, 2
2256	95, 3, 1, 0, 1
2256	95, 3, 1, 0, 1
2258	90, 5, 3, 1, 1
2258	90, 5, 3, 1, 1
2267	90, 5, 3, 1, 1
2267	95, 3, 1, 0, 1
2273	90, 5, 3, 1, 1
2273	90, 5, 3, 1, 1
2291	90, 5, 3, 1, 1
2291	90, 5, 3, 1, 1
2299	90, 5, 3, 1, 1
2299	90, 5, 3, 1, 1
2310	90, 5, 3, 1, 1
2310	90, 5, 3, 1, 1
2317	90, 5, 3, 1, 1
2317	90, 5, 3, 1, 1
2318	90, 5, 3, 1, 1
2318	90, 5, 3, 1, 1
2320	90, 5, 3, 1, 1
2320	90, 5, 3, 1, 1
2335	90, 5, 3, 1, 1
2335	90, 5, 3, 1, 1
2341	70, 20, 5, 3, 2
2341	95, 3, 1, 0, 1
2364	90, 5, 3, 1, 1
2364	90, 5, 3, 1, 1
2376	90, 5, 3, 1, 1
2376	90, 5, 3, 1, 1
2381	90, 5, 3, 1, 1
2381	90, 5, 3, 1, 1
2396	90, 5, 3, 1, 1
2396	90, 5, 3, 1, 1
2401	90, 5, 3, 1, 1
2401	90, 5, 3, 1, 1
2407	95, 3, 1, 0, 1
2407	95, 3, 1, 0, 1
2415	90, 5, 3, 1, 1
2415	90, 5, 3, 1, 1
2416	90, 5, 3, 1, 1
2416	90, 5, 2, 2, 1
2438	90, 5, 3, 1, 1
2438	90, 5, 3, 1, 1
2441	90, 5, 3, 1, 1
2441	90, 5, 3, 1, 1
2445	90, 5, 3, 1, 1
2445	90, 5, 3, 1, 1
2455	90, 5, 3, 1, 1
2455	95, 3, 1, 0, 1
2457	90, 5, 3, 1, 1
2457	90, 5, 3, 1, 1
2463	90, 5, 3, 1, 1
2463	10, 80, 5, 3, 2
2468	95, 3, 1, 0, 1
2468	90, 5, 3, 1, 1
2481	95, 3, 1, 0, 1
2481	95, 3, 1, 0, 1
2492	90, 5, 3, 1, 1
2492	90, 5, 3, 1, 1
2500	90, 5, 3, 1, 1
2500	90, 5, 3, 1, 1
2511	95, 3, 1, 0, 1
2511	90, 5, 3, 1, 1
2527	95, 3, 1, 0, 1
2527	90, 5, 3, 1, 1
2532	90, 5, 3, 1, 1
2532	90, 5, 3, 1, 1
2534	70, 20, 5, 3, 2
2534	90, 5, 3, 1, 1
2539	90, 5, 3, 1, 1
2539	70, 20, 5, 3, 2
2544	90, 5, 3, 1, 1
2544	90, 5, 3, 1, 1
2546	90, 5, 3, 1, 1
2546	90, 5, 3, 1, 1
2555	90, 5, 3, 1, 1
2555	90, 5, 3, 1, 1
2578	70, 20, 5, 3, 2
2578	90, 5, 3, 1, 1
2583	90, 5, 3, 1, 1
2583	90, 5, 3, 1, 1
2606	90, 5, 3, 1, 1
2606	70, 20, 5, 3, 2
2631	90, 5, 3, 1, 1
2631	95, 3, 1, 0, 1
2652	90, 5, 3, 1, 1
2652	90, 5, 3, 1, 1
2654	70, 20, 5, 3, 2
2654	10, 5, 2, 1, 1
2655	90, 5, 3, 1, 1
2655	90, 5, 3, 1, 1
2657	90, 5, 3, 1, 1
2657	90, 5, 3, 1, 1
2673	90, 5, 3, 1, 1
2673	95, 3, 1, 0, 1
2682	90, 5, 3, 1, 1
2682	90, 5, 3, 1, 1
2685	10, 5, 2, 1, 1
2685	70, 20, 5, 3, 2
2688	90, 5, 3, 1, 1
2688	95, 3, 1, 0, 1
2690	90, 5, 3, 1, 1
2690	90, 5, 3, 1, 1
2699	90, 5, 3, 1, 1
2699	90, 5, 3, 1, 1
2718	90, 5, 3, 1, 1
2718	90, 5, 3, 1, 1
2732	90, 5, 3, 1, 1
2732	90, 5, 3, 1, 1
2740	90, 5, 3, 1, 1
2740	90, 5, 3, 1, 1
2748	95, 3, 1, 0, 1
2748	90, 5, 3, 1, 1
2783	90, 5, 3, 1, 1
2783	95, 3, 1, 0, 1
2797	90, 5, 3, 1, 1
2797	90, 5, 3, 1, 1
2802	90, 5, 3, 1, 1
2802	90, 5, 3, 1, 1
2807	70, 20, 5, 3, 2
2807	90, 5, 3, 1, 1
2809	95, 3, 1, 0, 1
2809	90, 5, 3, 1, 1
2818	90, 5, 3, 1, 1
2818	90, 5, 3, 1, 1
2819	90, 5, 3, 1, 1
2819	90, 5, 3, 1, 1
2820	90, 5, 3, 1, 1
2820	90, 5, 3, 1, 1
2828	90, 5, 3, 1, 1
2828	90, 5, 3, 1, 1
2841	90, 5, 3, 1, 1
2841	90, 5, 3, 1, 1
2842	95, 3, 1, 0, 1
2842	90, 5, 3, 1, 1

The summary covers the main topic of Milos Raonic and Nick Kyrgios competing at the Aegon Championships at Queen's Club, as well as their impressive showings at Wimbledon last year. However, it misses the key point that Raonic lost to Federer in the Wimbledon semi-final and Kyrgios had a shock victory over Nadal. The summary presents the information in a clear and logical order, but lacks some important details from the news article.
2843	70, 20, 5, 3, 2
2843	90, 5, 3, 1, 1
2847	95, 3, 1, 0, 1
2847	95, 3, 1, 0, 1
2849	95, 3, 1, 0, 1
2849	90, 5, 3, 1, 1
2855	90, 5, 3, 1, 1
2855	90, 5, 3, 1, 1
2856	90, 5, 3, 1, 1
2856	95, 3, 1, 0, 1
2858	90, 5, 3, 1, 1
2858	90, 5, 3, 1, 1
2860	90, 5, 3, 1, 1
2860	95, 3, 1, 1, 0
2867	90, 5, 3, 1, 1
2867	90, 5, 3, 1, 1
2873	90, 5, 3, 1, 1
2873	90, 5, 3, 1, 1
2880	95, 3, 1, 0, 1
2880	95, 3, 1, 0, 1
2886	90, 5, 3, 1, 1
2886	90, 5, 3, 1, 1
2901	90, 5, 3, 1, 1
2901	90, 5, 3, 1, 1
2920	95, 3, 1, 0, 1
2920	90, 5, 3, 1, 1
2933	90, 5, 3, 1, 1
2933	70, 20, 5, 3, 2
2936	95, 3, 1, 0, 1
2936	90, 5, 3, 1, 1
2941	90, 5, 3, 1, 1
2941	90, 5, 3, 1, 1
2963	90, 5, 3, 1, 1
2963	95, 3, 1, 0, 1
2974	90, 5, 3, 1, 1
2974	90, 5, 3, 1, 1
2977	90, 5, 3, 1, 1
2977	90, 5, 3, 1, 1
2985	90, 5, 3, 1, 1
2985	95, 3, 1, 0, 1
3016	90, 5, 3, 1, 1
3016	90, 5, 3, 1, 1
3032	70, 20, 5, 3, 2
3032	90, 5, 3, 1, 1
3047	90, 5, 3, 1, 1
3047	95, 3, 1, 0, 1
3056	70, 20, 5, 3, 2
3056	10, 5, 2, 1, 1
3062	90, 5, 3, 1, 1
3062	90, 5, 3, 1, 1
3067	90, 5, 3, 1, 1
3067	70, 20, 5, 3, 2
3073	90, 5, 3, 1, 1
3073	90, 5, 3, 1, 1
3077	90, 5, 3, 1, 1
3077	90, 5, 3, 1, 1
3078	90, 5, 3, 1, 1
3078	90, 5, 3, 1, 1
3090	90, 5, 3, 1, 1
3090	90, 5, 3, 1, 1
3091	90, 5, 3, 1, 1
3091	90, 5, 3, 1, 1
3097	70, 20, 5, 3, 2
3097	90, 5, 3, 1, 1
3098	90, 5, 3, 1, 1
3098	70, 20, 5, 3, 2
3102	10, 5, 80, 3, 2
3102	10, 5, 80, 3, 2
3121	90, 5, 3, 1, 1
3121	90, 5, 3, 1, 1
3139	95, 3, 1, 0, 1
3139	95, 3, 1, 0, 1
3155	90, 5, 3, 1, 1
3155	95, 3, 1, 0, 1
3167	90, 5, 3, 1, 1
3167	90, 5, 3, 1, 1
3169	90, 5, 3, 1, 1
3169	70, 20, 5, 3, 2
3185	90, 5, 3, 1, 1
3185	70, 20, 5, 3, 2
3186	90, 5, 3, 1, 1
3186	90, 5, 3, 1, 1
3188	20, 10, 5, 3, 2
3188	95, 3, 1, 0, 1
3192	70, 20, 5, 3, 2
3192	90, 5, 3, 1, 1
3208	95, 3, 1, 0, 1
3208	95, 3, 1, 0, 1
3214	90, 5, 3, 1, 1
3214	90, 5, 3, 1, 1
3215	90, 5, 3, 1, 1
3215	95, 3, 1, 0, 1
3219	70, 20, 5, 3, 2
3219	90, 5, 3, 1, 1
3222	90, 5, 3, 1, 1
3222	90, 5, 2, 2, 1
3223	70, 20, 5, 3, 2
3223	90, 5, 3, 1, 1
3235	90, 5, 3, 1, 1
3235	90, 5, 3, 1, 1
3237	90, 5, 3, 1, 1

The summary covers the main topic of the news article, which is the upcoming boxing match between Floyd Mayweather and Manny Pacquiao, the referee's pay, and the fighters' preparations. However, it misses some key points such as the revenue expected from the fight and Freddie Roach's plea for a fair fight. The summary presents the information in a clear and logical order, but it lacks some important details from the original article.
3237	90, 5, 3, 1, 1
3242	90, 5, 3, 1, 1
3242	95, 3, 1, 0, 1
3259	70, 20, 5, 3, 2
3259	95, 3, 1, 0, 1
3272	90, 5, 3, 1, 1
3272	90, 5, 3, 1, 1
3273	90, 5, 3, 1, 1
3273	90, 5, 3, 1, 1
3274	90, 5, 3, 1, 1
3274	90, 5, 3, 1, 1
3280	20, 5, 2, 1, 1
3280	90, 5, 3, 1, 1
3282	90, 5, 3, 1, 1
3282	90, 5, 3, 1, 1
3293	90, 5, 3, 1, 1
3293	90, 5, 3, 1, 1
3301	10, 5, 2, 1, 1
3301	90, 5, 3, 1, 1
3310	95, 3, 1, 0, 1
3310	90, 5, 3, 1, 1
3313	90, 5, 3, 1, 1
3313	90, 5, 3, 1, 1
3326	90, 5, 3, 1, 1
3326	90, 5, 3, 1, 1
3328	90, 5, 3, 1, 1
3328	90, 5, 3, 1, 1
3330	90, 5, 3, 1, 1
3330	90, 5, 3, 1, 1
3357	70, 20, 5, 3, 2
3357	90, 5, 3, 1, 1
3367	90, 5, 3, 1, 1
3367	90, 5, 3, 1, 1
3372	90, 5, 3, 1, 1
3372	90, 5, 3, 1, 1
3378	90, 5, 3, 1, 1
3378	90, 5, 3, 1, 1
3379	70, 20, 5, 3, 2
3379	90, 5, 3, 1, 1
3385	70, 20, 5, 3, 2
3385	70, 20, 5, 3, 2
3386	90, 5, 3, 1, 1
3386	90, 5, 3, 1, 1
3388	90, 5, 3, 1, 1
3388	95, 3, 1, 0, 1
3390	90, 5, 3, 1, 1
3390	90, 5, 3, 1, 1
3415	90, 5, 3, 1, 1
3415	95, 3, 1, 0, 1
3431	90, 5, 3, 1, 1
3431	95, 3, 1, 0, 1
3434	90, 5, 3, 1, 1
3434	95, 3, 1, 0, 1
3443	10, 5, 80, 3, 2
3443	10, 5, 80, 3, 2
3449	90, 5, 3, 1, 1
3449	95, 3, 1, 0, 1
3453	95, 3, 1, 0, 1
3453	90, 5, 3, 1, 1
3466	90, 5, 3, 1, 1
3466	90, 5, 3, 1, 1
3477	90, 5, 3, 1, 1
3477	90, 5, 3, 1, 1
3487	90, 5, 3, 1, 1
3487	90, 5, 3, 1, 1
3488	90, 5, 3, 1, 1
3488	90, 5, 3, 1, 1
3514	90, 5, 3, 1, 1
3514	90, 5, 3, 1, 1
3518	90, 5, 3, 1, 1
3518	90, 5, 3, 1, 1
3531	90, 5, 3, 1, 1
3531	90, 5, 3, 1, 1
3535	70, 20, 5, 3, 2
3535	90, 5, 3, 1, 1
3543	90, 5, 3, 1, 1
3543	90, 5, 3, 1, 1
3546	90, 5, 3, 1, 1
3546	90, 5, 3, 1, 1
3551	90, 5, 3, 1, 1
3551	90, 5, 3, 1, 1
3570	90, 5, 3, 1, 1
3570	90, 5, 3, 1, 1
3587	90, 5, 3, 1, 1
3587	90, 5, 3, 1, 1
3591	90, 5, 3, 1, 1
3591	90, 5, 3, 1, 1
3599	95, 3, 1, 0, 1
3599	90, 5, 3, 1, 1
3603	90, 5, 3, 1, 1
3603	95, 3, 1, 0, 1
3605	90, 5, 3, 1, 1
3605	95, 3, 1, 0, 1
3609	90, 5, 3, 1, 1
3609	90, 5, 3, 1, 1
3610	90, 5, 3, 1, 1
3610	95, 3, 1, 0, 1
3612	90, 5, 3, 1, 1
3612	90, 5, 3, 1, 1
3613	90, 5, 3, 1, 1
3613	95, 3, 1, 0, 1
3614	90, 5, 3, 1, 1
3614	95, 3, 1, 0, 1
3622	70, 15, 10, 3, 2
3622	90, 5, 3, 1, 1
3625	90, 5, 3, 1, 1
3625	90, 5, 3, 1, 1
3632	90, 5, 3, 1, 1
3632	90, 5, 3, 1, 1
3641	90, 5, 3, 1, 1
3641	90, 5, 3, 1, 1
3642	90, 5, 3, 1, 1
3642	90, 5, 3, 1, 1
3667	70, 20, 5, 3, 2
3667	70, 20, 5, 3, 2
3672	90, 5, 3, 1, 1
3672	90, 5, 3, 1, 1
3681	90, 5, 3, 1, 1
3681	90, 5, 3, 1, 1
3689	90, 5, 3, 1, 1
3689	90, 5, 3, 1, 1
3700	90, 5, 3, 1, 1
3700	90, 5, 3, 1, 1
3704	90, 5, 3, 1, 1
3704	95, 3, 1, 0, 1
3705	95, 3, 1, 0, 1
3705	90, 5, 3, 1, 1
3710	95, 3, 1, 0, 1
3710	90, 5, 3, 1, 1
3741	90, 5, 3, 1, 1
3741	90, 5, 3, 1, 1
3745	90, 5, 3, 1, 1
3745	90, 5, 3, 1, 1
3761	90, 5, 3, 1, 1
3761	90, 5, 3, 1, 1
3773	90, 5, 3, 1, 1
3773	90, 5, 3, 1, 1
3778	90, 5, 3, 1, 1
3778	90, 5, 3, 1, 1
3799	90, 5, 3, 1, 1
3799	90, 5, 3, 1, 1
3824	90, 5, 3, 1, 1
3824	90, 5, 3, 1, 1
3828	90, 5, 3, 1, 1
3828	95, 3, 1, 0, 1
3839	90, 5, 3, 1, 1
3839	90, 5, 3, 1, 1
3840	95, 3, 1, 0, 1
3840	95, 3, 1, 0, 1
3845	90, 5, 2, 2, 1
3845	90, 5, 3, 1, 1
3853	90, 5, 3, 1, 1
3853	90, 5, 3, 1, 1
3866	10, 5, 2, 1, 1
3866	90, 5, 3, 1, 1
3874	95, 3, 1, 0, 1
3874	90, 5, 3, 1, 1
3883	95, 3, 1, 1, 0
3883	95, 3, 1, 0, 1
3887	70, 20, 5, 3, 2
3887	70, 20, 5, 3, 2
3888	90, 5, 3, 1, 1
3888	90, 5, 3, 1, 1
3899	90, 5, 3, 1, 1
3899	95, 3, 1, 0, 1
3905	95, 3, 1, 0, 1
3905	90, 5, 3, 1, 1
3906	90, 5, 3, 1, 1
3906	95, 3, 1, 0, 1
3921	90, 5, 3, 1, 1
3921	10, 5, 80, 3, 2
3924	90, 5, 3, 1, 1
3924	90, 5, 3, 1, 1
3929	90, 5, 3, 1, 1
3929	90, 5, 3, 1, 1
3930	70, 20, 5, 3, 2
3930	90, 5, 3, 1, 1
3932	90, 5, 3, 1, 1
3932	90, 5, 3, 1, 1
3935	90, 5, 3, 1, 1
3935	90, 5, 3, 1, 1
3936	90, 5, 3, 1, 1
3936	90, 5, 3, 1, 1
3953	90, 5, 3, 1, 1
3953	90, 5, 3, 1, 1
3956	90, 5, 3, 1, 1
3956	90, 5, 3, 1, 1
3960	95, 3, 1, 0, 1
3960	90, 5, 3, 1, 1


3961	90, 5, 3, 1, 1
3961	90, 5, 3, 1, 1
3974	90, 5, 3, 1, 1
3974	90, 5, 3, 1, 1
3979	90, 5, 3, 1, 1
3979	90, 5, 3, 1, 1
3988	10, 5, 2, 1, 1
3988	90, 5, 3, 1, 1
3992	90, 5, 3, 1, 1
3992	90, 5, 3, 1, 1
3995	70, 20, 5, 3, 2
3995	90, 5, 3, 1, 1
4000	90, 5, 3, 1, 1
4000	90, 5, 3, 1, 1
4011	95, 3, 1, 0, 1
4011	95, 3, 1, 0, 1
4014	90, 5, 3, 1, 1
4014	90, 5, 3, 1, 1
4018	95, 3, 1, 0, 1
4018	90, 5, 3, 1, 1
4030	90, 5, 3, 1, 1
4030	10, 20, 50, 15, 5
4031	90, 5, 3, 1, 1
4031	10, 5, 2, 1, 1
4048	90, 5, 3, 1, 1
4048	90, 5, 3, 1, 1
4069	10, 5, 2, 1, 1
4069	70, 20, 5, 3, 2
4075	10, 5, 2, 1, 1
4075	10, 5, 2, 1, 1
4087	90, 5, 3, 1, 1
4087	90, 5, 3, 1, 1
4094	90, 5, 3, 1, 1
4094	90, 5, 3, 1, 1
4096	90, 5, 3, 1, 1
4096	90, 5, 3, 1, 1
4097	90, 5, 3, 1, 1
4097	90, 5, 3, 1, 1
4117	90, 5, 3, 1, 1
4117	90, 5, 3, 1, 1
4131	90, 5, 3, 1, 1
4131	90, 5, 3, 1, 1
4132	90, 5, 3, 1, 1
4132	90, 5, 3, 1, 1
4140	95, 3, 1, 0, 1
4140	90, 5, 3, 1, 1
4147	90, 5, 3, 1, 1
4147	90, 5, 3, 1, 1
4150	90, 5, 3, 1, 1
4150	90, 5, 3, 1, 1
4159	95, 3, 1, 0, 1
4159	95, 3, 1, 0, 1
4160	10, 5, 2, 1, 1
4160	95, 3, 1, 0, 1
4164	70, 15, 5, 5, 5
4164	90, 5, 3, 1, 1
4170	70, 20, 5, 3, 2
4170	70, 20, 5, 3, 2
4174	90, 5, 3, 1, 1
4174	90, 5, 3, 1, 1
4201	95, 3, 1, 0, 1
4201	95, 3, 1, 0, 1
4206	90, 5, 3, 1, 1
4206	90, 5, 3, 1, 1
4209	90, 5, 3, 1, 1
4209	90, 5, 3, 1, 1
4213	90, 5, 3, 1, 1
4213	90, 5, 3, 1, 1
4214	90, 5, 3, 1, 1
4214	90, 5, 3, 1, 1
4221	90, 5, 3, 1, 1
4221	90, 5, 3, 1, 1
4222	90, 5, 3, 1, 1
4222	90, 5, 3, 1, 1
4235	90, 5, 3, 1, 1
4235	90, 5, 3, 1, 1
4253	90, 5, 3, 1, 1
4253	90, 5, 3, 1, 1
4261	90, 5, 3, 1, 1
4261	90, 5, 3, 1, 1
4262	10, 80, 5, 3, 2
4262	90, 5, 3, 1, 1
4264	90, 5, 3, 1, 1
4264	90, 5, 3, 1, 1
4269	95, 3, 1, 0, 1
4269	90, 5, 3, 1, 1
4280	90, 5, 3, 1, 1
4280	90, 5, 3, 1, 1
4292	90, 5, 3, 1, 1
4292	90, 5, 3, 1, 1
4300	70, 20, 5, 3, 2
4300	90, 5, 3, 1, 1
4320	90, 5, 3, 1, 1
4320	90, 5, 3, 1, 1
4333	90, 5, 3, 1, 1
4333	90, 5, 3, 1, 1
4335	90, 5, 3, 1, 1
4335	95, 3, 1, 0, 1
4346	90, 5, 3, 1, 1
4346	90, 5, 3, 1, 1
4347	90, 5, 3, 1, 1
4347	90, 5, 3, 1, 1
4356	90, 5, 3, 1, 1
4356	90, 5, 3, 1, 1
4357	90, 5, 3, 1, 1
4357	90, 5, 3, 1, 1
4360	90, 5, 3, 1, 1
4360	70, 20, 5, 3, 2
4379	95, 3, 1, 0, 1
4379	70, 20, 5, 3, 2
4381	90, 5, 3, 1, 1
4381	90, 5, 3, 1, 1
4383	90, 5, 3, 1, 1
4383	90, 5, 3, 1, 1
4388	95, 3, 1, 0, 1
4388	90, 5, 3, 1, 1
4426	90, 5, 3, 1, 1
4426	90, 5, 3, 1, 1
4428	90, 5, 3, 1, 1
4428	95, 3, 1, 0, 1
4431	90, 5, 3, 1, 1
4431	90, 5, 3, 1, 1
4433	90, 5, 3, 1, 1
4433	90, 5, 3, 1, 1
4452	90, 5, 3, 1, 1
4452	90, 5, 3, 1, 1
4455	90, 5, 3, 1, 1
4455	95, 3, 1, 0, 1
4457	10, 5, 80, 3, 2
4457	90, 5, 3, 1, 1
4462	90, 5, 3, 1, 1
4462	90, 5, 3, 1, 1
4476	90, 5, 3, 1, 1
4476	90, 5, 3, 1, 1
4477	90, 5, 3, 1, 1
4477	90, 5, 3, 1, 1
4482	90, 5, 3, 1, 1
4482	90, 5, 3, 1, 1
4486	90, 5, 3, 1, 1
4486	90, 5, 3, 1, 1
4518	90, 5, 3, 1, 1
4518	90, 5, 3, 1, 1
4534	90, 5, 3, 1, 1
4534	90, 5, 3, 1, 1
4543	95, 3, 1, 0, 1
4543	90, 5, 3, 1, 1
4550	90, 5, 3, 1, 1
4550	90, 5, 3, 1, 1
4555	90, 5, 3, 1, 1
4555	90, 5, 3, 1, 1
4565	70, 20, 5, 3, 2
4565	90, 5, 3, 1, 1
4568	95, 3, 1, 0, 1
4568	95, 3, 1, 0, 1
4573	90, 5, 3, 1, 1
4573	10, 5, 5, 3, 2
4582	90, 5, 3, 1, 1
4582	90, 5, 3, 1, 1
4592	95, 3, 1, 0, 1
4592	90, 5, 3, 1, 1
4593	90, 5, 3, 1, 1
4593	95, 3, 1, 0, 1
4609	90, 5, 3, 1, 1
4609	90, 5, 3, 1, 1
4613	90, 5, 3, 1, 1
4613	90, 5, 3, 1, 1
4617	90, 5, 3, 1, 1
4617	90, 5, 3, 1, 1
4624	90, 5, 3, 1, 1
4624	90, 5, 3, 1, 1
4626	90, 5, 3, 1, 1
4626	90, 5, 3, 1, 1
4642	90, 5, 3, 1, 1
4642	90, 5, 3, 1, 1
4671	70, 20, 5, 3, 2
4671	90, 5, 2, 2, 1
4672	90, 5, 3, 1, 1
4672	90, 5, 3, 1, 1
4691	90, 5, 3, 1, 1
4691	90, 5, 3, 1, 1
4692	90, 5, 3, 1, 1
4692	90, 5, 3, 1, 1
4699	90, 5, 3, 1, 1
4699	90, 5, 3, 1, 1
4705	90, 5, 3, 1, 1
4705	90, 5, 3, 1, 1
4715	95, 3, 1, 0, 1
4715	90, 5, 3, 1, 1
4724	90, 5, 3, 1, 1
4724	95, 3, 1, 0, 1
4726	90, 5, 2, 2, 1
4726	90, 5, 3, 1, 1
4727	90, 5, 3, 1, 1
4727	90, 5, 3, 1, 1
4728	90, 5, 3, 1, 1
4728	90, 5, 3, 1, 1
4738	90, 5, 3, 1, 1
4738	90, 5, 3, 1, 1
4751	70, 20, 5, 3, 2
4751	90, 5, 3, 1, 1
4763	90, 5, 3, 1, 1
4763	70, 20, 5, 3, 2
4793	10, 5, 3, 2, 1
4793	10, 5, 2, 1, 1
4803	70, 20, 5, 3, 2
4803	90, 5, 3, 1, 1
4811	90, 5, 3, 1, 1
4811	70, 20, 5, 3, 2
4818	70, 20, 5, 3, 2
4818	70, 20, 5, 3, 2
4821	70, 20, 5, 3, 2
4821	90, 5, 3, 1, 1
4830	90, 5, 3, 1, 1
4830	90, 5, 3, 1, 1
4840	95, 3, 1, 0, 1
4840	90, 5, 3, 1, 1
4844	95, 3, 1, 0, 1
4844	90, 5, 3, 1, 1
4847	90, 5, 3, 1, 1
4847	90, 5, 3, 1, 1
4859	90, 5, 3, 1, 1
4859	90, 5, 3, 1, 1
4868	90, 5, 3, 1, 1
4868	90, 5, 3, 1, 1

The summary covers the main topic and key points of the news article, including Novak Djokovic's victory over Rafael Nadal in the Monte Carlo Masters semi-finals, his comeback after falling behind in the early games, and setting up a final against Tomas Berdych. The summary presents the information in a clear and logical order. There is a high likelihood that the summary will receive a score of 5.
4873	90, 5, 3, 1, 1
4873	95, 3, 1, 0, 1
4895	90, 5, 3, 1, 1
4895	90, 5, 3, 1, 1
4898	90, 5, 3, 1, 1
4898	90, 5, 3, 1, 1
4900	90, 5, 3, 1, 1
4900	90, 5, 3, 1, 1
4917	90, 5, 3, 1, 1
4917	90, 5, 3, 1, 1
4923	90, 5, 3, 1, 1
4923	90, 5, 3, 1, 1
4929	90, 5, 3, 1, 1
4929	90, 5, 3, 1, 1
4937	90, 5, 3, 1, 1
4937	95, 3, 1, 0, 1
4948	10, 5, 5, 5, 75
4948	90, 5, 3, 1, 1
4951	95, 3, 1, 0, 1
4951	90, 5, 3, 1, 1
4953	90, 5, 3, 1, 1
4953	90, 5, 3, 1, 1
4971	70, 20, 5, 3, 2
4971	90, 5, 3, 1, 1
5000	95, 3, 1, 0, 1
5000	90, 5, 3, 1, 1
5007	10, 5, 5, 5, 75
5007	90, 5, 3, 1, 1
5023	90, 5, 3, 1, 1
5023	90, 5, 3, 1, 1
5024	90, 5, 3, 1, 1
5024	90, 5, 3, 1, 1
5042	90, 5, 3, 1, 1
5042	95, 3, 1, 0, 1
5046	10, 80, 5, 3, 2
5046	90, 5, 3, 1, 1
5053	90, 5, 3, 1, 1
5053	90, 5, 3, 1, 1
5060	95, 3, 1, 0, 1
5060	90, 5, 3, 1, 1
5061	90, 5, 3, 1, 1
5061	90, 5, 3, 1, 1
5072	95, 3, 1, 0, 1
5072	10, 5, 5, 3, 2
5078	90, 5, 3, 1, 1
5078	90, 5, 3, 1, 1
5080	90, 5, 3, 1, 1
5080	90, 5, 3, 1, 1
5089	90, 5, 3, 1, 1
5089	95, 3, 1, 0, 1
5097	90, 5, 3, 1, 1
5097	90, 5, 3, 1, 1
5112	90, 5, 3, 1, 1
5112	90, 5, 3, 1, 1
5130	90, 5, 3, 1, 1
5130	90, 5, 3, 1, 1
5137	90, 5, 3, 1, 1
5137	90, 5, 3, 1, 1
5139	90, 5, 3, 1, 1
5139	90, 5, 3, 1, 1
5140	90, 5, 3, 1, 1
5140	90, 5, 3, 1, 1
5151	90, 5, 3, 1, 1
5151	90, 5, 3, 1, 1
5160	90, 5, 3, 1, 1
5160	90, 5, 3, 1, 1
5180	90, 5, 3, 1, 1
5180	90, 5, 3, 1, 1
5186	90, 5, 3, 1, 1
5186	90, 5, 3, 1, 1
5200	90, 5, 3, 1, 1
5200	90, 5, 3, 1, 1
5204	90, 5, 3, 1, 1
5204	90, 5, 3, 1, 1
5212	90, 5, 3, 1, 1
5212	90, 5, 3, 1, 1
5263	90, 5, 3, 1, 1
5263	90, 5, 3, 1, 1
5278	95, 3, 1, 0, 1
5278	95, 3, 1, 0, 1
5281	90, 5, 3, 1, 1
5281	90, 5, 3, 1, 1
5283	90, 5, 3, 1, 1
5283	95, 3, 1, 0, 1
5288	90, 5, 3, 1, 1
5288	90, 5, 3, 1, 1
5293	90, 5, 3, 1, 1
5293	90, 5, 3, 1, 1
5299	90, 5, 3, 1, 1

The summary covers the main topic of the news article, which is the connection between the man's kidney failure and his excessive consumption of iced tea. It mentions the key points such as the high levels of oxalate found in the man's blood and urine, and the warning from doctors about the potential health risks of consuming too much black tea. However, the summary could be improved by providing more details about the man's symptoms and the specific diagnosis made by the doctors.
5299	95, 3, 1, 0, 1
5300	90, 5, 3, 1, 1
5300	70, 20, 5, 3, 2
5313	90, 5, 3, 1, 1
5313	90, 5, 3, 1, 1
5314	90, 5, 3, 1, 1
5314	90, 5, 3, 1, 1
5322	95, 3, 1, 0, 1
5322	90, 5, 3, 1, 1
5360	90, 5, 3, 1, 1
5360	90, 5, 3, 1, 1
5383	90, 5, 3, 1, 1
5383	90, 5, 3, 1, 1
5392	90, 5, 3, 1, 1
5392	90, 5, 3, 1, 1
5398	90, 5, 3, 1, 1
5398	90, 5, 3, 1, 1
5403	90, 5, 3, 1, 1
5403	95, 3, 1, 0, 1
5417	90, 5, 3, 1, 1
5417	90, 5, 3, 1, 1
5421	90, 5, 3, 1, 1
5421	90, 5, 3, 1, 1
5435	70, 20, 5, 3, 2
5435	90, 5, 3, 1, 1
5438	90, 5, 3, 1, 1
5438	90, 5, 3, 1, 1
5440	90, 5, 3, 1, 1
5440	90, 5, 3, 1, 1
5447	90, 5, 3, 1, 1
5447	90, 5, 3, 1, 1
5455	90, 5, 3, 1, 1
5455	90, 5, 3, 1, 1
5466	90, 5, 3, 1, 1
5466	95, 3, 1, 0, 1
5468	90, 5, 3, 1, 1
5468	90, 5, 3, 1, 1
5479	90, 5, 3, 1, 1
5479	90, 5, 3, 1, 1
5483	90, 5, 3, 1, 1
5483	90, 5, 3, 1, 1
5488	90, 5, 3, 1, 1
5488	90, 5, 3, 1, 1
5490	70, 15, 5, 5, 5
5490	90, 5, 3, 1, 1
5493	90, 5, 3, 1, 1
5493	90, 5, 3, 1, 1
5506	90, 5, 3, 1, 1
5506	90, 5, 3, 1, 1
5508	90, 5, 3, 1, 1
5508	90, 5, 3, 1, 1
5536	90, 5, 3, 1, 1
5536	90, 5, 3, 1, 1
5541	90, 5, 3, 1, 1
5541	90, 5, 3, 1, 1
5550	90, 5, 3, 1, 1
5550	90, 5, 3, 1, 1

The summary covers the main topic and key points of the news article, including the parents being charged, the father leaving the baby at McDonald's, and the details of the incident. The summary presents the information in a clear and logical order, making it highly likely to receive a score of 5. There are minor differences in details such as the age of the child (three-month-old vs. 22-month-old), which may slightly affect the accuracy of the summary. Overall, the summary effectively captures the essence of the news article.
5552	90, 5, 3, 1, 1
5552	90, 5, 3, 1, 1
5561	90, 5, 3, 1, 1
5561	90, 5, 3, 1, 1
5590	90, 5, 3, 1, 1
5590	90, 5, 3, 1, 1
5591	90, 5, 3, 1, 1
5591	90, 5, 3, 1, 1
5594	90, 5, 3, 1, 1
5594	95, 3, 1, 0, 1
5612	95, 3, 1, 0, 1
5612	95, 3, 1, 0, 1
5618	10, 5, 2, 1, 1
5618	10, 5, 2, 1, 1
5627	90, 5, 3, 1, 1
5627	90, 5, 3, 1, 1
5648	90, 5, 3, 1, 1
5648	90, 5, 3, 1, 1
5649	90, 5, 3, 1, 1
5649	90, 5, 3, 1, 1
5658	10, 5, 2, 1, 1
5658	70, 20, 5, 3, 2
5684	90, 5, 3, 1, 1
5684	90, 5, 3, 1, 1
5699	95, 3, 1, 0, 1
5699	90, 5, 3, 1, 1
5702	90, 5, 3, 1, 1
5702	90, 5, 3, 1, 1
5704	90, 5, 3, 1, 1
5704	90, 5, 3, 1, 1
5721	90, 5, 3, 1, 1
5721	90, 5, 3, 1, 1
5728	90, 5, 3, 1, 1
5728	90, 5, 3, 1, 1
5759	90, 5, 3, 1, 1
5759	90, 5, 3, 1, 1
5783	90, 5, 3, 1, 1
5783	90, 5, 3, 1, 1
5799	10, 80, 5, 3, 2
5799	10, 5, 80, 3, 2
5806	90, 5, 3, 1, 1
5806	95, 3, 1, 0, 1
5809	90, 5, 3, 1, 1
5809	90, 5, 3, 1, 1
5832	90, 5, 3, 1, 1
5832	90, 5, 3, 1, 1
5853	95, 3, 1, 0, 1
5853	95, 3, 1, 0, 1
5855	95, 3, 1, 0, 1
5855	90, 5, 3, 1, 1
5878	90, 5, 3, 1, 1
5878	70, 20, 5, 3, 2
5899	90, 5, 3, 1, 1
5899	90, 5, 3, 1, 1
5900	90, 5, 3, 1, 1
5900	90, 5, 3, 1, 1
5914	90, 5, 3, 1, 1
5914	90, 5, 3, 1, 1
5918	90, 5, 3, 1, 1
5918	90, 5, 3, 1, 1
5927	90, 5, 3, 1, 1
5927	90, 5, 3, 1, 1
5933	90, 5, 3, 1, 1
5933	90, 5, 3, 1, 1
5950	90, 5, 3, 1, 1
5950	90, 5, 3, 1, 1
5954	90, 5, 3, 1, 1
5954	90, 5, 3, 1, 1
5964	90, 5, 3, 1, 1
5964	90, 5, 3, 1, 1
5965	95, 3, 1, 0, 1
5965	95, 3, 1, 0, 1
5980	70, 20, 5, 3, 2
5980	90, 5, 3, 1, 1
6012	90, 5, 3, 1, 1
6012	90, 5, 3, 1, 1
6013	90, 5, 3, 1, 1
6013	90, 5, 3, 1, 1
6023	95, 3, 1, 0, 1
6023	90, 5, 3, 1, 1
6028	10, 5, 5, 3, 2
6028	90, 5, 3, 1, 1
6041	90, 5, 3, 1, 1
6041	90, 5, 3, 1, 1
6052	90, 5, 3, 1, 1
6052	90, 5, 3, 1, 1
6062	90, 5, 3, 1, 1
6062	95, 3, 1, 0, 1
6065	90, 5, 3, 1, 1
6065	90, 5, 3, 1, 1
6082	90, 5, 3, 1, 1
6082	90, 5, 3, 1, 1
6088	90, 5, 3, 1, 1
6088	90, 5, 3, 1, 1
6127	95, 3, 1, 0, 1
6127	95, 3, 1, 0, 1
6129	90, 5, 3, 1, 1
6129	95, 3, 1, 0, 1
6132	90, 5, 3, 1, 1
6132	90, 5, 3, 1, 1
6133	90, 5, 3, 1, 1
6133	90, 5, 3, 1, 1
6136	70, 20, 5, 3, 2
6136	90, 5, 3, 1, 1
6139	90, 5, 3, 1, 1
6139	90, 5, 3, 1, 1
6159	95, 3, 1, 0, 1
6159	90, 5, 3, 1, 1
6161	90, 5, 3, 1, 1
6161	90, 5, 3, 1, 1
6166	90, 5, 3, 1, 1
6166	90, 5, 3, 1, 1

The summary covers the main topic of the news article, which is the introduction of the Miss Army competition by the Kazakhstani Ministry of Defence to encourage more recruits. It mentions the selection of 123 female soldiers, the online voting process, and the three set poses in which the women are shown. However, it lacks some key points such as the competition being open to voters from neighboring countries and the potential impact on recruitment. Overall, the summary presents the main topic and key points in a clear and logical order, but it could provide more details to improve its accuracy.
6170	90, 5, 3, 1, 1
6170	90, 5, 3, 1, 1
6172	70, 15, 10, 3, 2
6172	90, 5, 3, 1, 1
6213	90, 5, 3, 1, 1
6213	90, 5, 3, 1, 1
6221	90, 5, 3, 1, 1
6221	90, 5, 3, 1, 1
6226	90, 5, 3, 1, 1
6226	90, 5, 3, 1, 1
6231	90, 5, 3, 1, 1
6231	90, 5, 3, 1, 1
6233	90, 5, 3, 1, 1
6233	90, 5, 3, 1, 1
6263	90, 5, 3, 1, 1
6263	90, 5, 3, 1, 1
6269	90, 5, 3, 1, 1
6269	90, 5, 3, 1, 1
6273	90, 5, 3, 1, 1
6273	90, 5, 3, 1, 1
6287	20, 10, 5, 3, 2
6287	90, 5, 3, 1, 1
6308	90, 5, 3, 1, 1
6308	90, 5, 3, 1, 1
6315	90, 5, 3, 1, 1
6315	90, 5, 3, 1, 1
6326	90, 5, 3, 1, 1
6326	90, 5, 3, 1, 1
6329	90, 5, 3, 1, 1
6329	70, 20, 5, 3, 2
6333	90, 5, 3, 1, 1
6333	90, 5, 3, 1, 1
6342	90, 5, 3, 1, 1
6342	95, 3, 1, 0, 1
6351	90, 5, 3, 1, 1
6351	90, 5, 3, 1, 1
6355	90, 5, 3, 1, 1
6355	90, 5, 3, 1, 1
6379	90, 5, 3, 1, 1
6379	90, 5, 3, 1, 1
6380	90, 5, 3, 1, 1
6380	90, 5, 3, 1, 1
6382	90, 5, 3, 1, 1
6382	90, 5, 3, 1, 1
6385	90, 5, 3, 1, 1
6385	90, 5, 3, 1, 1
6400	90, 5, 3, 1, 1

The summary covers the main topic of the article, which is the development of the one megawatt electric race car by Drive eO to compete in the Pikes Peak International Hill Climb. It includes key points such as the vehicle's specifications, top speed comparison to the Tesla Model S, and the company's goal of becoming the first overall winner with an electric vehicle. The summary presents the information in a clear and logical order, making it highly likely to receive a score of 5. However, there are some minor details missing from the summary, such as the history of Drive eO's previous electric vehicles and the comparison to the Tesla Model S's 'insane mode' acceleration. These missing details may lower the likelihood of receiving a score of 5.
6400	90, 5, 3, 1, 1
6402	70, 20, 5, 3, 2
6402	95, 3, 1, 0, 1
6409	90, 5, 3, 1, 1
6409	90, 5, 3, 1, 1
6414	90, 5, 3, 1, 1
6414	90, 5, 3, 1, 1
6427	90, 5, 3, 1, 1
6427	90, 5, 3, 1, 1
6443	90, 5, 3, 1, 1
6443	90, 5, 3, 1, 1
6448	90, 5, 3, 1, 1
6448	90, 5, 3, 1, 1
6449	90, 5, 3, 1, 1
6449	90, 5, 3, 1, 1
6466	90, 5, 3, 1, 1
6466	90, 5, 3, 1, 1
6481	90, 5, 3, 1, 1
6481	90, 5, 3, 1, 1
6502	70, 20, 5, 3, 2
6502	90, 5, 3, 1, 1
6506	90, 5, 3, 1, 1
6506	90, 5, 3, 1, 1
6541	90, 5, 3, 1, 1
6541	90, 5, 3, 1, 1
6549	95, 3, 1, 0, 1
6549	100, 0, 0, 0, 0
6560	95, 3, 1, 0, 1
6560	90, 5, 3, 1, 1
6573	90, 5, 3, 1, 1
6573	90, 5, 3, 1, 1
6578	70, 20, 5, 3, 2
6578	90, 5, 3, 1, 1
6585	10, 70, 15, 3, 2
6585	90, 5, 3, 1, 1
6620	90, 5, 3, 1, 1
6620	90, 5, 3, 1, 1
6639	90, 5, 3, 1, 1
6639	90, 5, 3, 1, 1
6642	90, 5, 3, 1, 1
6642	95, 3, 1, 0, 1
6659	90, 5, 3, 1, 1
6659	90, 5, 3, 1, 1
6693	95, 3, 1, 0, 1
6693	90, 5, 3, 1, 1
6716	90, 5, 3, 1, 1
6716	90, 5, 3, 1, 1
6717	95, 3, 1, 0, 1
6717	90, 5, 3, 1, 1
6737	90, 5, 3, 1, 1
6737	90, 5, 3, 1, 1
6750	90, 5, 3, 1, 1
6750	10, 5, 2, 1, 1
6762	95, 3, 1, 0, 1
6762	95, 3, 1, 0, 1
6766	90, 5, 3, 1, 1
6766	90, 5, 3, 1, 1
6769	70, 20, 5, 3, 2
6769	10, 80, 5, 3, 2
6783	10, 5, 80, 3, 2
6783	90, 5, 3, 1, 1
6808	90, 5, 3, 1, 1
6808	90, 5, 3, 1, 1
6809	90, 5, 3, 1, 1
6809	90, 5, 3, 1, 1
6841	90, 5, 3, 1, 1
6841	90, 5, 3, 1, 1
6844	90, 5, 3, 1, 1
6844	90, 5, 3, 1, 1
6847	90, 5, 3, 1, 1
6847	90, 5, 3, 1, 1
6848	90, 5, 3, 1, 1
6848	90, 5, 3, 1, 1
6871	70, 20, 5, 3, 2
6871	70, 20, 5, 3, 2
6883	95, 3, 1, 0, 1
6883	90, 5, 3, 1, 1
6885	90, 5, 3, 1, 1
6885	90, 5, 3, 1, 1
6886	95, 3, 1, 0, 1
6886	90, 5, 3, 1, 1
6902	90, 5, 3, 1, 1
6902	90, 5, 3, 1, 1
6923	90, 5, 3, 1, 1
6923	90, 5, 3, 1, 1
6924	5, 1, 1, 1, 1
6924	90, 5, 3, 1, 1
6934	90, 5, 3, 1, 1
6934	90, 5, 3, 1, 1
6948	95, 3, 1, 0, 1
6948	90, 5, 3, 1, 1
6954	90, 5, 3, 1, 1
6954	90, 5, 3, 1, 1
6955	95, 3, 1, 0, 1
6955	90, 5, 3, 1, 1
6974	90, 5, 3, 1, 1
6974	90, 5, 3, 1, 1
6986	90, 5, 3, 1, 1
6986	90, 5, 3, 1, 1
6987	90, 5, 3, 1, 1
6987	90, 5, 3, 1, 1
6990	95, 3, 1, 0, 1
6990	90, 5, 3, 1, 1
7000	95, 3, 1, 0, 1
7000	90, 5, 3, 1, 1
7018	90, 5, 3, 1, 1
7018	90, 5, 3, 1, 1
7019	90, 5, 3, 1, 1
7019	10, 5, 3, 1, 1
7024	90, 5, 3, 1, 1
7024	90, 5, 3, 1, 1
7025	90, 5, 3, 1, 1
7025	90, 5, 3, 1, 1
7028	90, 5, 3, 1, 1
7028	90, 5, 3, 1, 1
7036	90, 5, 3, 1, 1
7036	90, 5, 3, 1, 1
7037	90, 5, 3, 1, 1
7037	90, 5, 3, 1, 1
7051	90, 5, 3, 1, 1
7051	90, 5, 3, 1, 1
7053	10, 70, 15, 3, 2
7053	10, 5, 2, 1, 1
7059	70, 20, 5, 3, 2
7059	90, 5, 3, 1, 1
7062	90, 5, 3, 1, 1
7062	90, 5, 3, 1, 1
7073	70, 20, 5, 3, 2
7073	90, 5, 3, 1, 1
7078	90, 5, 3, 1, 1
7078	90, 5, 3, 1, 1
7083	70, 20, 5, 3, 2
7083	95, 3, 1, 0, 1
7089	95, 3, 1, 0, 1
7089	90, 5, 3, 1, 1
7095	95, 3, 1, 0, 1
7095	90, 5, 3, 1, 1
7097	90, 5, 3, 1, 1
7097	90, 5, 3, 1, 1
7109	90, 5, 3, 1, 1
7109	90, 5, 3, 1, 1
7116	90, 5, 3, 1, 1
7116	90, 5, 3, 1, 1
7129	95, 3, 1, 0, 1
7129	95, 3, 1, 0, 1
7140	90, 5, 3, 1, 1
7140	90, 5, 3, 1, 1
7157	90, 5, 3, 1, 1
7157	95, 3, 1, 0, 1
7159	95, 3, 1, 0, 1
7159	90, 5, 3, 1, 1
7165	95, 3, 1, 0, 1
7165	90, 5, 3, 1, 1
7170	90, 5, 3, 1, 1
7170	90, 5, 3, 1, 1
7180	90, 5, 3, 1, 1
7180	90, 5, 3, 1, 1
7186	95, 3, 1, 0, 1
7186	70, 20, 5, 3, 2
7195	90, 5, 3, 1, 1
7195	90, 5, 3, 1, 1
7203	10, 5, 3, 1, 1
7203	90, 5, 3, 1, 1
7215	90, 5, 3, 1, 1
7215	90, 5, 3, 1, 1
7219	90, 5, 3, 1, 1
7219	90, 5, 3, 1, 1
7230	90, 5, 3, 1, 1
7230	90, 5, 3, 1, 1
7265	70, 15, 5, 5, 5
7265	10, 5, 5, 80, 0
7267	90, 5, 3, 1, 1
7267	90, 5, 3, 1, 1
7294	90, 5, 3, 1, 1
7294	90, 5, 3, 1, 1
7303	90, 5, 3, 1, 1
7303	95, 3, 1, 0, 1
7315	90, 5, 3, 1, 1
7315	90, 5, 3, 1, 1
7319	90, 5, 3, 1, 1
7319	90, 5, 3, 1, 1
7333	90, 5, 3, 1, 1
7333	90, 5, 3, 1, 1
7348	90, 5, 3, 1, 1
7348	90, 5, 3, 1, 1
7375	90, 5, 3, 1, 1
7375	95, 3, 1, 0, 1
7427	90, 5, 2, 2, 1
7427	90, 5, 3, 1, 1
7429	90, 5, 3, 1, 1
7429	95, 3, 1, 0, 1
7442	90, 5, 3, 1, 1
7442	90, 5, 3, 1, 1
7451	90, 5, 3, 1, 1
7451	90, 5, 3, 1, 1
7457	90, 5, 3, 1, 1
7457	90, 5, 3, 1, 1
7462	90, 5, 3, 1, 1
7462	90, 5, 3, 1, 1
7463	90, 5, 3, 1, 1
7463	90, 5, 3, 1, 1
7479	90, 5, 3, 1, 1
7479	90, 5, 3, 1, 1
7494	90, 5, 3, 1, 1
7494	90, 5, 3, 1, 1
7506	90, 5, 3, 1, 1
7506	70, 20, 5, 3, 2
7512	90, 5, 3, 1, 1
7512	10, 5, 5, 3, 2
7525	90, 5, 3, 1, 1
7525	90, 5, 3, 1, 1
7554	90, 5, 3, 1, 1
7554	90, 5, 3, 1, 1
7557	10, 80, 5, 3, 2
7557	90, 5, 3, 1, 1
7565	90, 5, 3, 1, 1
7565	90, 5, 3, 1, 1
7577	90, 5, 3, 1, 1
7577	90, 5, 3, 1, 1
7578	90, 5, 3, 1, 1
7578	70, 20, 5, 3, 2
7604	90, 5, 2, 2, 1
7604	90, 5, 3, 1, 1
7605	90, 5, 3, 1, 1
7605	90, 5, 3, 1, 1
7614	90, 5, 3, 1, 1
7614	95, 3, 1, 0, 1
7619	95, 3, 1, 0, 1
7619	90, 5, 3, 1, 1
7644	90, 5, 3, 1, 1
7644	90, 5, 3, 1, 1
7645	90, 5, 3, 1, 1
7645	70, 20, 5, 3, 2
7649	90, 5, 3, 1, 1
7649	90, 5, 3, 1, 1
7650	90, 5, 3, 1, 1
7650	90, 5, 3, 1, 1
7659	90, 5, 3, 1, 1
7659	95, 3, 1, 0, 1
7670	90, 5, 3, 1, 1
7670	90, 5, 3, 1, 1
7679	90, 5, 3, 1, 1
7679	90, 5, 3, 1, 1
7682	90, 5, 3, 1, 1
7682	90, 5, 3, 1, 1
7698	90, 5, 3, 1, 1
7698	90, 5, 3, 1, 1
7700	90, 5, 3, 1, 1
7700	90, 5, 3, 1, 1
7701	90, 5, 3, 1, 1
7701	90, 5, 3, 1, 1
7708	90, 5, 3, 1, 1
7708	90, 5, 3, 1, 1
7725	90, 5, 3, 1, 1
7725	90, 5, 3, 1, 1
7726	90, 5, 3, 1, 1
7726	90, 5, 3, 1, 1
7747	90, 5, 3, 1, 1
7747	90, 5, 3, 1, 1
7752	90, 5, 3, 1, 1
7752	90, 5, 3, 1, 1
7756	90, 5, 3, 1, 1
7756	90, 5, 3, 1, 1
7761	90, 5, 3, 1, 1
7761	90, 5, 3, 1, 1
7773	90, 5, 3, 1, 1
7773	90, 5, 3, 1, 1
7787	90, 5, 3, 1, 1
7787	90, 5, 3, 1, 1
7788	20, 30, 40, 5, 5
7788	90, 5, 3, 1, 1
7790	90, 5, 3, 1, 1
7790	95, 3, 1, 0, 1
7799	90, 5, 3, 1, 1
7799	90, 5, 3, 1, 1
7818	90, 5, 3, 1, 1
7818	90, 5, 3, 1, 1
7821	90, 5, 3, 1, 1
7821	95, 3, 1, 0, 1
7840	90, 5, 3, 1, 1
7840	90, 5, 3, 1, 1
7843	90, 5, 3, 1, 1
7843	90, 5, 3, 1, 1
7872	90, 5, 3, 1, 1
7872	70, 20, 5, 3, 2
7876	90, 5, 3, 1, 1
7876	90, 5, 3, 1, 1
7883	90, 5, 3, 1, 1
7883	90, 5, 3, 1, 1
7896	95, 3, 1, 0, 1
7896	90, 5, 3, 1, 1
7897	90, 5, 3, 1, 1
7897	90, 5, 3, 1, 1
7906	90, 5, 3, 1, 1
7906	90, 5, 3, 1, 1
7912	90, 5, 3, 1, 1
7912	90, 5, 3, 1, 1
7915	90, 5, 3, 1, 1
7915	90, 5, 3, 1, 1
7919	90, 5, 3, 1, 1
7919	95, 3, 1, 0, 1
7920	90, 5, 3, 1, 1
7920	95, 3, 1, 0, 1
7933	90, 5, 3, 1, 1
7933	90, 5, 3, 1, 1
7963	90, 5, 3, 1, 1
7963	95, 3, 1, 0, 1
7973	90, 5, 3, 1, 1
7973	90, 5, 3, 1, 1
7982	90, 5, 3, 1, 1
7982	90, 5, 3, 1, 1
7987	90, 5, 3, 1, 1
7987	90, 5, 3, 1, 1
7991	90, 5, 3, 1, 1
7991	95, 3, 1, 0, 1
8008	90, 5, 3, 1, 1
8008	90, 5, 3, 1, 1
8024	95, 3, 1, 0, 1
8024	90, 5, 3, 1, 1
8036	70, 20, 5, 3, 2
8036	90, 5, 3, 1, 1
8059	90, 5, 3, 1, 1
8059	90, 5, 3, 1, 1
8063	90, 5, 3, 1, 1
8063	90, 5, 3, 1, 1
8070	90, 5, 3, 1, 1
8070	90, 5, 3, 1, 1
8077	90, 5, 3, 1, 1
8077	90, 5, 3, 1, 1
8078	90, 5, 3, 1, 1
8078	90, 5, 3, 1, 1
8084	90, 5, 3, 1, 1
8084	90, 5, 3, 1, 1
8099	90, 5, 3, 1, 1
8099	90, 5, 3, 1, 1
8100	90, 5, 3, 1, 1
8100	95, 3, 1, 0, 1
8101	90, 5, 3, 1, 1
8101	90, 5, 3, 1, 1
8104	90, 5, 3, 1, 1
8104	90, 5, 3, 1, 1
8106	90, 5, 3, 1, 1
8106	90, 5, 3, 1, 1
8115	90, 5, 3, 1, 1
8115	90, 5, 3, 1, 1
8122	20, 10, 5, 3, 2
8122	90, 5, 3, 1, 1
8129	90, 5, 3, 1, 1
8129	90, 5, 3, 1, 1
8135	90, 5, 3, 1, 1
8135	90, 5, 3, 1, 1
8144	90, 5, 3, 1, 1
8144	90, 5, 3, 1, 1
8162	90, 5, 3, 1, 1
8162	90, 5, 3, 1, 1
8163	90, 5, 3, 1, 1
8163	90, 5, 3, 1, 1
8164	90, 5, 3, 1, 1
8164	90, 5, 3, 1, 1
8168	90, 5, 3, 1, 1
8168	90, 5, 3, 1, 1
8193	90, 5, 3, 1, 1
8193	90, 5, 3, 1, 1
8202	90, 5, 3, 1, 1
8202	95, 3, 1, 0, 1
8214	90, 5, 3, 1, 1
8214	90, 5, 3, 1, 1
8219	70, 20, 5, 3, 2
8219	10, 5, 5, 80, 0
8233	90, 5, 3, 1, 1
8233	70, 20, 5, 3, 2
8245	90, 5, 3, 1, 1
8245	70, 20, 5, 3, 2
8257	90, 5, 3, 1, 1
8257	90, 5, 3, 1, 1
8265	90, 5, 3, 1, 1
8265	95, 3, 1, 0, 1
8266	90, 5, 3, 1, 1
8266	95, 3, 1, 0, 1
8276	90, 5, 3, 1, 1
8276	90, 5, 3, 1, 1
8280	90, 5, 3, 1, 1
8280	90, 5, 3, 1, 1
8286	95, 3, 1, 0, 1
8286	90, 5, 3, 1, 1
8296	100, 0, 0, 0, 0
8296	95, 3, 1, 0, 1
8302	90, 5, 3, 1, 1
8302	90, 5, 3, 1, 1
8308	90, 5, 3, 1, 1
8308	90, 5, 3, 1, 1
8312	90, 5, 3, 1, 1
8312	90, 5, 3, 1, 1
8331	90, 5, 3, 1, 1
8331	90, 5, 3, 1, 1
8334	90, 5, 3, 1, 1
8334	90, 5, 3, 1, 1
8336	95, 3, 1, 0, 1
8336	90, 5, 3, 1, 1
8346	90, 5, 3, 1, 1
8346	90, 5, 3, 1, 1
8354	90, 5, 3, 1, 1
8354	90, 5, 3, 1, 1
8361	90, 5, 3, 1, 1
8361	90, 5, 3, 1, 1
8384	90, 5, 3, 1, 1
8384	90, 5, 3, 1, 1
8385	90, 5, 3, 1, 1
8385	90, 5, 3, 1, 1
8409	90, 5, 3, 1, 1
8409	95, 3, 1, 0, 1
8412	90, 5, 3, 1, 1
8412	90, 5, 3, 1, 1
8432	90, 5, 3, 1, 1
8432	90, 5, 3, 1, 1
8440	90, 5, 3, 1, 1
8440	90, 5, 3, 1, 1
8441	90, 5, 3, 1, 1
8441	95, 3, 1, 0, 1
8454	90, 5, 3, 1, 1
8454	90, 5, 3, 1, 1
8458	90, 5, 3, 1, 1
8458	10, 5, 80, 3, 2
8467	90, 5, 3, 1, 1
8467	90, 5, 3, 1, 1
8482	70, 20, 5, 3, 2
8482	70, 20, 5, 3, 2
8494	90, 5, 3, 1, 1
8494	90, 5, 3, 1, 1
8509	95, 3, 1, 0, 1
8509	90, 5, 3, 1, 1
8516	90, 5, 3, 1, 1
8516	90, 5, 3, 1, 1
8528	90, 5, 3, 1, 1
8528	70, 20, 5, 3, 2
8531	90, 5, 3, 1, 1
8531	90, 5, 3, 1, 1
8545	90, 5, 3, 1, 1
8545	90, 5, 3, 1, 1
8592	70, 20, 5, 3, 2
8592	90, 5, 3, 1, 1
8596	90, 5, 3, 1, 1
8596	90, 5, 3, 1, 1
8601	90, 5, 3, 1, 1
8601	90, 5, 3, 1, 1
8618	70, 20, 5, 3, 2
8618	90, 5, 3, 1, 1
8620	90, 5, 3, 1, 1
8620	90, 5, 3, 1, 1
8622	70, 20, 5, 3, 2
8622	70, 15, 10, 3, 2
8643	90, 5, 3, 1, 1
8643	90, 5, 3, 1, 1
8657	90, 5, 3, 1, 1
8657	95, 3, 1, 0, 1
8662	90, 5, 3, 1, 1
8662	90, 5, 3, 1, 1
8669	70, 20, 5, 3, 2
8669	90, 5, 3, 1, 1
8675	70, 20, 5, 3, 2
8675	90, 5, 3, 1, 1
8690	90, 5, 3, 1, 1
8690	90, 5, 3, 1, 1
8718	90, 5, 3, 1, 1
8718	90, 5, 3, 1, 1
8735	90, 5, 3, 1, 1
8735	90, 5, 3, 1, 1
8751	90, 5, 3, 1, 1
8751	90, 5, 3, 1, 1
8771	90, 5, 3, 1, 1
8771	90, 5, 3, 1, 1
8795	90, 5, 3, 1, 1
8795	90, 5, 3, 1, 1
8803	95, 3, 1, 0, 1
8803	95, 3, 1, 0, 1
8806	90, 5, 3, 1, 1
8806	90, 5, 3, 1, 1
8814	90, 5, 3, 1, 1
8814	95, 3, 1, 0, 1
8821	90, 5, 3, 1, 1
8821	90, 5, 3, 1, 1
8823	90, 5, 3, 1, 1
8823	90, 5, 2, 2, 1
8824	90, 5, 3, 1, 1
8824	90, 5, 3, 1, 1
8829	90, 5, 3, 1, 1
8829	90, 5, 3, 1, 1
8837	95, 3, 1, 0, 1
8837	95, 3, 1, 0, 1
8867	90, 5, 3, 1, 1
8867	90, 5, 3, 1, 1
8872	95, 3, 1, 0, 1
8872	90, 5, 3, 1, 1
8873	90, 5, 3, 1, 1
8873	90, 5, 3, 1, 1
8876	95, 3, 1, 0, 1
8876	90, 5, 3, 1, 1
8877	90, 5, 3, 1, 1
8877	90, 5, 3, 1, 1
8880	90, 5, 3, 1, 1
8880	90, 5, 3, 1, 1
8885	90, 5, 3, 1, 1
8885	90, 5, 3, 1, 1
8891	90, 5, 3, 1, 1
8891	95, 3, 1, 0, 1
8892	70, 20, 5, 3, 2
8892	70, 20, 5, 3, 2
8893	90, 5, 3, 1, 1
8893	90, 5, 3, 1, 1
8894	90, 5, 3, 1, 1
8894	70, 20, 5, 3, 2
8896	90, 5, 3, 1, 1
8896	90, 5, 3, 1, 1
8919	90, 5, 3, 1, 1
8919	95, 3, 1, 0, 1
8957	90, 5, 3, 1, 1
8957	90, 5, 3, 1, 1
8958	90, 5, 3, 1, 1
8958	90, 5, 3, 1, 1
8961	90, 5, 3, 1, 1
8961	90, 5, 3, 1, 1
8995	10, 5, 3, 1, 1
8995	90, 5, 3, 1, 1
9014	90, 5, 3, 1, 1
9014	90, 5, 3, 1, 1
9020	90, 5, 3, 1, 1
9020	90, 5, 3, 1, 1
9024	90, 5, 3, 1, 1
9024	90, 5, 3, 1, 1
9029	90, 5, 3, 1, 1
9029	90, 5, 3, 1, 1
9031	90, 5, 3, 1, 1
9031	90, 5, 3, 1, 1
9046	90, 5, 3, 1, 1
9046	90, 5, 3, 1, 1
9047	90, 5, 3, 1, 1
9047	90, 5, 3, 1, 1
9058	90, 5, 3, 1, 1
9058	90, 5, 3, 1, 1
9069	90, 5, 3, 1, 1
9069	95, 3, 1, 0, 1
9071	90, 5, 3, 1, 1
9071	90, 5, 3, 1, 1
9072	95, 3, 1, 0, 1
9072	90, 5, 3, 1, 1
9074	90, 5, 3, 1, 1
9074	95, 3, 1, 0, 1
9078	90, 5, 3, 1, 1
9078	90, 5, 3, 1, 1
9080	95, 3, 1, 0, 1
9080	90, 5, 3, 1, 1
9083	95, 3, 1, 0, 1
9083	95, 3, 1, 0, 1
9086	90, 5, 3, 1, 1
9086	90, 5, 3, 1, 1
9108	90, 5, 3, 1, 1
9108	90, 5, 3, 1, 1
9110	90, 5, 3, 1, 1
9110	95, 3, 1, 0, 1
9139	95, 3, 1, 0, 1
9139	90, 5, 3, 1, 1
9143	90, 5, 3, 1, 1
9143	90, 5, 3, 1, 1
9151	90, 5, 3, 1, 1
9151	95, 3, 1, 0, 1
9168	90, 5, 3, 1, 1
9168	70, 20, 5, 3, 2
9188	90, 5, 3, 1, 1
9188	90, 5, 3, 1, 1
9189	90, 5, 3, 1, 1
9189	90, 5, 3, 1, 1
9194	90, 5, 3, 1, 1
9194	90, 5, 3, 1, 1
9198	70, 20, 5, 3, 2
9198	70, 20, 5, 3, 2
9202	90, 5, 3, 1, 1
9202	90, 5, 3, 1, 1
9212	90, 5, 3, 1, 1
9212	90, 5, 3, 1, 1
9219	90, 5, 3, 1, 1
9219	90, 5, 3, 1, 1
9223	90, 5, 3, 1, 1
9223	90, 5, 3, 1, 1
9238	90, 5, 3, 1, 1
9238	70, 20, 5, 3, 2
9291	70, 20, 5, 3, 2
9291	90, 5, 3, 1, 1
9294	90, 5, 3, 1, 1
9294	90, 5, 3, 1, 1
9311	95, 3, 1, 0, 1
9311	95, 3, 1, 0, 1
9361	90, 5, 3, 1, 1
9361	90, 5, 3, 1, 1
9363	90, 5, 3, 1, 1
9363	90, 5, 3, 1, 1
9371	95, 3, 1, 0, 1
9371	90, 5, 3, 1, 1
9378	90, 5, 3, 1, 1
9378	90, 5, 3, 1, 1
9386	90, 5, 3, 1, 1
9386	95, 3, 1, 0, 1
9402	90, 5, 3, 1, 1
9402	90, 5, 3, 1, 1
9430	90, 5, 3, 1, 1
9430	90, 5, 3, 1, 1
9440	95, 3, 1, 0, 1
9440	90, 5, 3, 1, 1
9447	90, 5, 3, 1, 1
9447	95, 3, 1, 0, 1
9448	90, 5, 3, 1, 1

The summary covers the main topic and key points of the news article, including the robbery of the valuable jewellery, the victim's intended loan to the museum, and the challenges the thieves may face in selling the stolen items. The summary presents the information in a clear and logical order, making it highly likely to receive a score of 5. There is a small chance of receiving a lower score due to minor details that could have been included in the summary.
9448	90, 5, 3, 1, 1
9463	90, 5, 3, 1, 1
9463	95, 3, 1, 0, 1
9475	90, 5, 3, 1, 1
9475	90, 5, 3, 1, 1
9497	90, 5, 3, 1, 1
9497	90, 5, 3, 1, 1
9521	90, 5, 3, 1, 1
9521	95, 3, 1, 0, 1
9544	90, 5, 3, 1, 1
9544	90, 5, 3, 1, 1
9554	90, 5, 3, 1, 1
9554	90, 5, 3, 1, 1
9560	90, 5, 3, 1, 1
9560	90, 5, 3, 1, 1
9566	90, 5, 3, 1, 1
9566	90, 5, 2, 2, 1
9568	10, 5, 2, 1, 1
9568	90, 5, 3, 1, 1
9577	90, 5, 3, 1, 1
9577	70, 20, 5, 3, 2
9616	70, 20, 5, 3, 2
9616	70, 20, 5, 3, 2
9620	90, 5, 3, 1, 1
9620	90, 5, 3, 1, 1
9628	90, 5, 3, 1, 1
9628	90, 5, 3, 1, 1
9630	90, 5, 3, 1, 1
9630	90, 5, 3, 1, 1
9633	90, 5, 3, 1, 1
9633	95, 3, 1, 0, 1
9635	90, 5, 3, 1, 1
9635	90, 5, 3, 1, 1
9644	90, 5, 3, 1, 1
9644	90, 5, 3, 1, 1
9651	90, 5, 3, 1, 1
9651	90, 5, 3, 1, 1
9653	90, 5, 3, 1, 1
9653	95, 3, 1, 0, 1
9657	90, 5, 3, 1, 1
9657	90, 5, 3, 1, 1
9666	95, 3, 1, 0, 1
9666	90, 5, 3, 1, 1
9675	90, 5, 3, 1, 1
9675	95, 3, 1, 0, 1
9682	70, 20, 5, 3, 2
9682	70, 20, 5, 3, 2
9686	90, 5, 3, 1, 1
9686	90, 5, 3, 1, 1
9690	90, 5, 3, 1, 1
9690	95, 3, 1, 0, 1
9702	90, 5, 3, 1, 1
9702	90, 5, 3, 1, 1
9703	95, 3, 1, 0, 1
9703	95, 3, 1, 0, 1
9704	90, 5, 3, 1, 1
9704	90, 5, 3, 1, 1
9710	90, 5, 3, 1, 1
9710	90, 5, 3, 1, 1
9716	90, 5, 3, 1, 1
9716	90, 5, 3, 1, 1
9727	70, 20, 5, 3, 2
9727	90, 5, 3, 1, 1
9746	90, 5, 3, 1, 1
9746	90, 5, 3, 1, 1
9781	90, 5, 3, 1, 1
9781	90, 5, 3, 1, 1
9787	90, 5, 3, 1, 1
9787	90, 5, 3, 1, 1
9798	90, 5, 3, 1, 1
9798	90, 5, 3, 1, 1
9826	10, 5, 2, 1, 1
9826	90, 5, 3, 1, 1
9828	90, 5, 3, 1, 1
9828	90, 5, 3, 1, 1
9842	90, 5, 3, 1, 1
9842	90, 5, 3, 1, 1
9849	95, 3, 1, 0, 1
9849	90, 5, 3, 1, 1
9865	90, 5, 3, 1, 1
9865	90, 5, 3, 1, 1
9868	90, 5, 3, 1, 1
9868	90, 5, 3, 1, 1
9869	90, 5, 3, 1, 1
9869	90, 5, 3, 1, 1
9876	90, 5, 3, 1, 1
9876	95, 3, 1, 0, 1
9882	90, 5, 3, 1, 1
9882	90, 5, 3, 1, 1
9894	90, 5, 3, 1, 1
9894	90, 5, 3, 1, 1
9911	90, 5, 3, 1, 1
9911	90, 5, 3, 1, 1
9918	90, 5, 3, 1, 1
9918	95, 3, 1, 0, 1
9931	90, 5, 3, 1, 1
9931	90, 5, 3, 1, 1
9941	90, 5, 3, 1, 1
9941	95, 3, 1, 0, 1
9943	90, 5, 3, 1, 1
9943	90, 5, 3, 1, 1
9945	90, 5, 3, 1, 1
9945	90, 5, 3, 1, 1
9947	90, 5, 3, 1, 1
9947	90, 5, 3, 1, 1
9958	90, 5, 3, 1, 1
9958	95, 3, 1, 0, 1
9967	90, 5, 2, 2, 1
9967	90, 5, 3, 1, 1
9968	90, 5, 3, 1, 1
9968	95, 3, 1, 0, 1
9972	95, 3, 1, 0, 1
9972	95, 3, 1, 0, 1
9993	90, 5, 3, 1, 1
9993	90, 5, 3, 1, 1
10011	90, 5, 3, 1, 1
10011	90, 5, 3, 1, 1
10018	95, 3, 1, 0, 1
10018	20, 10, 5, 3, 2
10027	90, 5, 3, 1, 1
10027	70, 20, 5, 3, 2
10050	70, 20, 5, 3, 2
10050	90, 5, 3, 1, 1
10059	90, 5, 3, 1, 1
10059	90, 5, 3, 1, 1
10068	90, 5, 3, 1, 1
10068	90, 5, 3, 1, 1
10102	90, 5, 3, 1, 1
10102	90, 5, 3, 1, 1
10107	90, 5, 3, 1, 1
10107	90, 5, 3, 1, 1
10114	90, 5, 3, 1, 1

The summary covers the main topic and key points of the news article, such as the number of skin cancer cases among outdoor workers, the 'macho culture' in the construction industry, and the importance of sun safety measures. The information is presented in a clear and logical order. There is a high likelihood that the summary will receive a score of 5, with a small chance of receiving a lower score due to some minor details that could have been included.
10114	95, 3, 1, 0, 1
10115	90, 5, 3, 1, 1
10115	95, 3, 1, 0, 1
10130	95, 3, 1, 0, 1
10130	90, 5, 3, 1, 1
10135	95, 3, 1, 0, 1
10135	95, 3, 1, 0, 1
10138	90, 5, 3, 1, 1
10138	90, 5, 3, 1, 1
10143	90, 5, 3, 1, 1
10143	90, 5, 3, 1, 1
10145	90, 5, 3, 1, 1
10145	90, 5, 3, 1, 1
10153	90, 5, 3, 1, 1
10153	90, 5, 3, 1, 1
10169	90, 5, 3, 1, 1
10169	90, 5, 3, 1, 1
10178	95, 3, 1, 0, 1
10178	90, 5, 3, 1, 1
10189	90, 5, 3, 1, 1
10189	90, 5, 3, 1, 1
10210	90, 5, 3, 1, 1
10210	90, 5, 3, 1, 1
10217	90, 5, 3, 1, 1
10217	90, 5, 2, 2, 1
10223	90, 5, 3, 1, 1
10223	90, 5, 3, 1, 1
10236	90, 5, 3, 1, 1
10236	90, 5, 3, 1, 1
10244	90, 5, 3, 1, 1
10244	90, 5, 3, 1, 1
10267	10, 5, 2, 1, 1
10267	90, 5, 3, 1, 1
10270	90, 5, 3, 1, 1
10270	90, 5, 3, 1, 1
10283	90, 5, 3, 1, 1
10283	90, 5, 3, 1, 1
10285	95, 3, 1, 0, 1
10285	90, 5, 3, 1, 1
10288	90, 5, 3, 1, 1
10288	90, 5, 3, 1, 1
10308	90, 5, 3, 1, 1
10308	90, 5, 3, 1, 1
10313	90, 5, 3, 1, 1
10313	90, 5, 3, 1, 1
10326	90, 5, 3, 1, 1
10326	90, 5, 3, 1, 1
10339	90, 5, 3, 1, 1
10339	90, 5, 3, 1, 1
10341	90, 5, 3, 1, 1
10341	90, 5, 3, 1, 1
10342	90, 5, 3, 1, 1
10342	90, 5, 3, 1, 1
10354	90, 5, 3, 1, 1
10354	90, 5, 3, 1, 1
10356	90, 5, 3, 1, 1
10356	90, 5, 3, 1, 1
10364	90, 5, 3, 1, 1
10364	90, 5, 2, 2, 1
10370	90, 5, 3, 1, 1
10370	90, 5, 3, 1, 1
10374	90, 5, 3, 1, 1
10374	90, 5, 3, 1, 1
10384	90, 5, 3, 1, 1
10384	90, 5, 3, 1, 1
10391	90, 5, 3, 1, 1
10391	95, 3, 1, 0, 1
10414	95, 3, 1, 0, 1
10414	90, 5, 3, 1, 1
10420	90, 5, 3, 1, 1
10420	90, 5, 3, 1, 1
10445	90, 5, 3, 1, 1
10445	90, 5, 3, 1, 1
10452	95, 3, 1, 0, 1
10452	90, 5, 3, 1, 1
10461	90, 5, 3, 1, 1
10461	95, 3, 1, 0, 1
10469	90, 5, 3, 1, 1
10469	90, 5, 3, 1, 1
10482	90, 5, 3, 1, 1
10482	90, 5, 3, 1, 1
10510	90, 5, 3, 1, 1
10510	90, 5, 3, 1, 1
10515	90, 5, 3, 1, 1
10515	90, 5, 3, 1, 1
10522	90, 5, 3, 1, 1
10522	90, 5, 3, 1, 1
10538	90, 5, 3, 1, 1
10538	90, 5, 3, 1, 1
10552	90, 5, 3, 1, 1
10552	90, 5, 3, 1, 1
10557	90, 5, 3, 1, 1
10557	90, 5, 3, 1, 1
10565	95, 3, 1, 0, 1
10565	90, 5, 3, 1, 1
10577	90, 5, 3, 1, 1
10577	70, 20, 5, 3, 2
10601	90, 5, 3, 1, 1
10601	90, 5, 3, 1, 1
10604	90, 5, 3, 1, 1
10604	90, 5, 3, 1, 1
10607	90, 5, 3, 1, 1
10607	95, 3, 1, 0, 1
10611	90, 5, 3, 1, 1
10611	90, 5, 3, 1, 1
10619	90, 5, 3, 1, 1
10619	90, 5, 3, 1, 1
10626	90, 5, 3, 1, 1
10626	90, 5, 3, 1, 1
10627	90, 5, 3, 1, 1
10627	90, 5, 3, 1, 1
10631	90, 5, 3, 1, 1
10631	90, 5, 3, 1, 1
10674	70, 20, 5, 3, 2
10674	90, 5, 3, 1, 1
10687	95, 3, 1, 0, 1
10687	90, 5, 3, 1, 1
10700	90, 5, 3, 1, 1
10700	90, 5, 3, 1, 1
10732	90, 5, 3, 1, 1
10732	90, 5, 3, 1, 1
10736	90, 5, 3, 1, 1
10736	10, 5, 3, 1, 1
10741	90, 5, 3, 1, 1
10741	90, 5, 3, 1, 1
10756	90, 5, 3, 1, 1
10756	90, 5, 3, 1, 1
10776	90, 5, 3, 1, 1
10776	95, 3, 1, 0, 1
10779	90, 5, 3, 1, 1
10779	90, 5, 3, 1, 1
10780	90, 5, 3, 1, 1
10780	90, 5, 3, 1, 1
10782	90, 5, 3, 1, 1
10782	90, 5, 2, 2, 1
10788	95, 3, 1, 0, 1
10788	90, 5, 3, 1, 1
10802	95, 3, 1, 0, 1
10802	95, 3, 1, 0, 1
10809	95, 3, 1, 0, 1
10809	90, 5, 3, 1, 1
10813	70, 20, 5, 3, 2
10813	95, 3, 1, 0, 1
10822	90, 5, 3, 1, 1
10822	95, 3, 1, 0, 1
10836	90, 5, 3, 1, 1
10836	90, 5, 3, 1, 1
10840	70, 20, 5, 3, 2
10840	70, 20, 5, 3, 2
10845	90, 5, 3, 1, 1
10845	95, 3, 1, 0, 1
10852	90, 5, 3, 1, 1
10852	90, 5, 3, 1, 1
10859	90, 5, 3, 1, 1
10859	90, 5, 3, 1, 1
10866	90, 5, 3, 1, 1
10866	90, 5, 3, 1, 1
10896	90, 5, 3, 1, 1
10896	95, 3, 1, 0, 1
10903	90, 5, 3, 1, 1
10903	95, 3, 1, 0, 1
10915	90, 5, 3, 1, 1
10915	90, 5, 3, 1, 1
10919	90, 5, 3, 1, 1
10919	95, 3, 1, 0, 1
10920	95, 3, 1, 0, 1
10920	95, 3, 1, 0, 1
10950	90, 5, 3, 1, 1
10950	90, 5, 3, 1, 1
10977	90, 5, 3, 1, 1
10977	90, 5, 3, 1, 1
10983	95, 3, 1, 0, 1
10983	90, 5, 3, 1, 1
10985	90, 5, 3, 1, 1
10985	90, 5, 3, 1, 1
10999	90, 5, 3, 1, 1
10999	90, 5, 3, 1, 1
11005	90, 5, 3, 1, 1
11005	10, 5, 3, 1, 1
11013	90, 5, 3, 1, 1
11013	90, 5, 3, 1, 1
11019	10, 5, 80, 3, 2
11019	50, 30, 10, 5, 5
11028	95, 3, 1, 0, 1
11028	95, 3, 1, 0, 1
11038	10, 80, 5, 3, 2
11038	90, 5, 3, 1, 1
11053	90, 5, 3, 1, 1
11053	90, 5, 3, 1, 1
11056	90, 5, 3, 1, 1
11056	90, 5, 3, 1, 1
11063	90, 5, 3, 1, 1
11063	90, 5, 3, 1, 1
11066	90, 5, 3, 1, 1
11066	95, 3, 1, 0, 1
11068	95, 3, 1, 0, 1
11068	95, 3, 1, 0, 1
11078	90, 5, 3, 1, 1
11078	90, 5, 3, 1, 1
11084	95, 3, 1, 0, 1
11084	90, 5, 3, 1, 1
11107	10, 5, 2, 1, 1
11107	90, 5, 3, 1, 1
11118	10, 20, 30, 20, 20
11118	90, 5, 3, 1, 1
11125	90, 5, 3, 1, 1
11125	90, 5, 3, 1, 1
11130	90, 5, 3, 1, 1
11130	90, 5, 3, 1, 1
11131	10, 5, 2, 1, 1
11131	70, 20, 5, 3, 2
11153	90, 5, 3, 1, 1
11153	90, 5, 3, 1, 1
11162	90, 5, 2, 2, 1
11162	90, 5, 3, 1, 1
11164	90, 5, 3, 1, 1
11164	90, 5, 3, 1, 1
11166	95, 3, 1, 0, 1
11166	90, 5, 3, 1, 1
11168	90, 5, 3, 1, 1
11168	95, 3, 1, 0, 1
11175	90, 5, 3, 1, 1
11175	90, 5, 3, 1, 1
11177	90, 5, 3, 1, 1
11177	90, 5, 3, 1, 1
11180	90, 5, 3, 1, 1
11180	95, 3, 1, 0, 1
11196	90, 5, 3, 1, 1
11196	10, 5, 2, 1, 1
11205	90, 5, 3, 1, 1
11205	90, 5, 3, 1, 1
11208	90, 5, 3, 1, 1
11208	90, 5, 3, 1, 1
11212	90, 5, 3, 1, 1
11212	90, 5, 3, 1, 1
11227	70, 20, 5, 3, 2
11227	90, 5, 3, 1, 1
11232	70, 20, 5, 3, 2
11232	70, 20, 5, 3, 2
11256	95, 3, 1, 0, 1
11256	90, 5, 3, 1, 1
11258	90, 5, 3, 1, 1
11258	90, 5, 3, 1, 1
11259	90, 5, 3, 1, 1
11259	90, 5, 3, 1, 1
11261	90, 5, 3, 1, 1
11261	90, 5, 3, 1, 1
11263	90, 5, 3, 1, 1
11263	90, 5, 3, 1, 1
11264	90, 5, 3, 1, 1
11264	95, 3, 1, 0, 1
11270	90, 5, 3, 1, 1
11270	90, 5, 3, 1, 1
11298	95, 3, 1, 0, 1
11298	90, 5, 3, 1, 1
11301	90, 5, 3, 1, 1
11301	90, 5, 3, 1, 1
11304	90, 5, 3, 1, 1
11304	90, 5, 3, 1, 1
11309	90, 5, 3, 1, 1
11309	90, 5, 3, 1, 1
11313	90, 5, 3, 1, 1
11313	90, 5, 3, 1, 1
11330	95, 3, 1, 0, 1
11330	90, 5, 3, 1, 1
11343	90, 5, 3, 1, 1
11343	90, 5, 3, 1, 1
11351	90, 5, 3, 1, 1
11351	95, 3, 1, 0, 1
11359	90, 5, 3, 1, 1
11359	10, 5, 2, 1, 1
11386	90, 5, 3, 1, 1
11386	90, 5, 3, 1, 1
11390	95, 3, 1, 0, 1
11390	90, 5, 3, 1, 1
11392	90, 5, 3, 1, 1
11392	90, 5, 3, 1, 1
11408	90, 5, 3, 1, 1
11408	90, 5, 3, 1, 1
11424	10, 5, 80, 3, 2
11424	90, 5, 3, 1, 1
11428	90, 5, 3, 1, 1
11428	90, 5, 3, 1, 1
11429	95, 3, 1, 0, 1
11429	90, 5, 3, 1, 1
11437	90, 5, 3, 1, 1
11437	70, 20, 5, 3, 2
11442	95, 3, 1, 0, 1
11442	90, 5, 3, 1, 1
11469	90, 5, 3, 1, 1
11469	90, 5, 3, 1, 1
11475	95, 3, 1, 0, 1
11475	95, 3, 1, 0, 1
11476	90, 5, 3, 1, 1
11476	90, 5, 3, 1, 1
11487	90, 5, 3, 1, 1
11487	90, 5, 3, 1, 1
