51	10, 80, 5, 3, 2
51	10, 5, 80, 3, 2
55	10, 5, 80, 3, 2
55	70, 20, 5, 3, 2
68	70, 20, 5, 3, 2
68	70, 20, 5, 3, 2
70	70, 20, 5, 3, 2
70	70, 20, 5, 3, 2
79	70, 20, 5, 3, 2
79	70, 20, 5, 3, 2
84	10, 5, 2, 1, 1
84	10, 20, 50, 15, 5
94	10, 5, 2, 1, 1
94	10, 5, 80, 3, 2
102	10, 5, 5, 80, 0
102	20, 30, 40, 5, 5
105	90, 5, 3, 1, 1
105	70, 20, 5, 3, 2
111	10, 5, 80, 3, 2
111	70, 20, 5, 3, 2
123	90, 5, 3, 1, 1
123	70, 20, 5, 3, 2
128	70, 20, 5, 3, 2
128	70, 20, 5, 3, 2
133	10, 5, 80, 3, 2
133	70, 20, 5, 3, 2
144	90, 5, 3, 1, 1
144	70, 20, 5, 3, 2
166	10, 5, 5, 80, 0
166	70, 20, 5, 3, 2
173	90, 5, 3, 1, 1
173	70, 20, 5, 3, 2
180	70, 20, 5, 3, 2
180	10, 70, 15, 3, 2
201	20, 10, 5, 3, 2
201	70, 15, 10, 3, 2
215	10, 5, 3, 1, 1
215	10, 5, 5, 3, 2
216	70, 20, 5, 3, 2
216	90, 5, 3, 1, 1
240	90, 5, 3, 1, 1
240	90, 5, 3, 1, 1
251	70, 20, 5, 3, 2
251	70, 20, 5, 3, 2
252	90, 5, 3, 1, 1
252	70, 20, 5, 3, 2
272	50, 30, 10, 5, 5
272	70, 20, 5, 3, 2
286	95, 3, 1, 0, 1
286	70, 20, 5, 3, 2
301	70, 20, 5, 3, 2
301	20, 30, 40, 5, 5
307	70, 20, 5, 3, 2
307	10, 5, 2, 1, 1
327	90, 5, 3, 1, 1
327	70, 20, 5, 3, 2
360	70, 20, 5, 3, 2
360	20, 30, 40, 5, 5
363	70, 15, 10, 3, 2
363	70, 20, 5, 3, 2
365	70, 20, 5, 3, 2
365	90, 5, 3, 1, 1
382	70, 20, 5, 3, 2
382	70, 20, 5, 3, 2
390	70, 20, 5, 3, 2
390	70, 20, 5, 3, 2
395	20, 10, 5, 3, 2
395	10, 5, 80, 3, 2
396	10, 20, 30, 25, 15
396	70, 20, 5, 3, 2
415	70, 20, 5, 3, 2
415	70, 20, 5, 3, 2
430	70, 20, 5, 3, 2
430	10, 5, 3, 1, 1
443	70, 20, 5, 3, 2
443	70, 20, 5, 3, 2
488	70, 20, 5, 3, 2
488	70, 20, 5, 3, 2
491	90, 5, 3, 1, 1
491	70, 20, 5, 3, 2
514	70, 20, 5, 3, 2
514	10, 80, 5, 3, 2
586	10, 5, 80, 3, 2
586	70, 20, 5, 3, 2
593	10, 5, 80, 3, 2
593	90, 5, 3, 1, 1
596	70, 20, 5, 3, 2
596	70, 20, 5, 3, 2
600	70, 20, 5, 3, 2
600	90, 5, 3, 1, 1
611	90, 5, 3, 1, 1
611	90, 5, 3, 1, 1
621	10, 5, 5, 80, 0
621	70, 20, 5, 3, 2
644	90, 5, 3, 1, 1
644	70, 20, 5, 3, 2
653	10, 80, 5, 3, 2
653	90, 5, 3, 1, 1
656	70, 20, 5, 3, 2
656	10, 5, 80, 3, 2
657	70, 20, 5, 3, 2
657	20, 30, 40, 5, 5
692	70, 20, 5, 3, 2
692	70, 20, 5, 3, 2
702	90, 5, 3, 1, 1
702	70, 20, 5, 3, 2
714	70, 20, 5, 3, 2
714	70, 20, 5, 3, 2
721	70, 20, 5, 3, 2
721	70, 20, 5, 3, 2
749	70, 20, 5, 3, 2
749	70, 20, 5, 3, 2
754	10, 5, 2, 1, 1
754	90, 5, 3, 1, 1
810	70, 20, 5, 3, 2
810	70, 20, 5, 3, 2
823	70, 20, 5, 3, 2
823	20, 70, 5, 3, 2
853	70, 20, 5, 3, 2
853	70, 20, 5, 3, 2
860	90, 5, 3, 1, 1
860	70, 20, 5, 3, 2
870	70, 20, 5, 3, 2
870	90, 5, 3, 1, 1
871	70, 20, 5, 3, 2
871	70, 20, 5, 3, 2
885	90, 5, 3, 1, 1
885	90, 5, 3, 1, 1
891	70, 20, 5, 3, 2
891	90, 5, 3, 1, 1
896	70, 20, 5, 3, 2
896	10, 5, 80, 3, 2
904	20, 10, 5, 3, 2
904	70, 20, 5, 3, 2
925	70, 20, 5, 3, 2
925	70, 20, 5, 3, 2
967	70, 15, 10, 3, 2
967	70, 20, 5, 3, 2
975	70, 20, 5, 3, 2
975	70, 20, 5, 3, 2
980	70, 20, 5, 3, 2
980	90, 5, 3, 1, 1
993	70, 20, 5, 3, 2
993	70, 20, 5, 3, 2
999	70, 20, 5, 3, 2
999	70, 20, 5, 3, 2
1028	70, 20, 5, 3, 2
1028	70, 20, 5, 3, 2
1039	70, 20, 5, 3, 2
1039	70, 20, 5, 3, 2
1045	70, 20, 5, 3, 2
1045	70, 20, 5, 3, 2
1058	70, 20, 5, 3, 2
1058	70, 20, 5, 3, 2
1060	70, 20, 5, 3, 2
1060	70, 20, 5, 3, 2
1072	90, 5, 3, 1, 1
1072	70, 15, 10, 3, 2
1097	10, 80, 5, 3, 2
1097	70, 20, 5, 3, 2
1108	70, 20, 5, 3, 2
1108	70, 20, 5, 3, 2
1110	90, 5, 3, 1, 1
1110	90, 5, 3, 1, 1
1111	90, 5, 3, 1, 1
1111	70, 20, 5, 3, 2
1118	70, 20, 5, 3, 2
1118	90, 5, 3, 1, 1
1135	10, 70, 15, 3, 2
1135	70, 20, 5, 3, 2
1137	70, 20, 5, 3, 2
1137	70, 20, 5, 3, 2
1161	90, 5, 3, 1, 1
1161	70, 20, 5, 3, 2
1168	70, 20, 5, 3, 2
1168	90, 5, 3, 1, 1
1170	70, 20, 5, 3, 2
1170	70, 20, 5, 3, 2
1178	90, 5, 3, 1, 1
1178	70, 20, 5, 3, 2
1201	70, 20, 5, 3, 2
1201	70, 20, 5, 3, 2
1210	20, 30, 40, 5, 5
1210	70, 20, 5, 3, 2
1226	90, 5, 3, 1, 1
1226	70, 20, 5, 3, 2
1235	70, 20, 5, 3, 2
1235	70, 20, 5, 3, 2
1255	20, 5, 5, 5, 65
1255	10, 80, 5, 3, 2
1273	70, 20, 5, 3, 2
1273	70, 20, 5, 3, 2
1291	70, 20, 5, 3, 2
1291	70, 20, 5, 3, 2
1297	70, 20, 5, 3, 2
1297	90, 5, 3, 1, 1
1312	70, 20, 5, 3, 2
1312	10, 5, 80, 3, 2
1315	90, 5, 3, 1, 1
1315	70, 20, 5, 3, 2
1320	70, 20, 5, 3, 2
1320	70, 20, 5, 3, 2
1322	20, 30, 40, 5, 5
1322	70, 20, 5, 3, 2
1330	70, 20, 5, 3, 2
1330	70, 20, 5, 3, 2
1344	90, 5, 3, 1, 1
1344	10, 70, 15, 3, 2
1351	10, 5, 2, 1, 1
1351	70, 20, 5, 3, 2
1368	10, 90, 0, 0, 0
1368	20, 10, 5, 3, 2
1373	90, 5, 3, 1, 1
1373	70, 20, 5, 3, 2
1376	10, 5, 2, 1, 1
1376	20, 5, 2, 1, 1
1396	70, 20, 5, 3, 2
1396	70, 20, 5, 3, 2
1406	70, 20, 5, 3, 2
1406	90, 5, 3, 1, 1
1417	20, 10, 5, 3, 2
1417	70, 20, 5, 3, 2
1420	70, 20, 5, 3, 2
1420	70, 20, 5, 3, 2
1425	10, 5, 2, 1, 1
1425	70, 20, 5, 3, 2
1440	90, 5, 3, 1, 1
1440	70, 20, 5, 3, 2
1442	70, 20, 5, 3, 2
1442	70, 20, 5, 3, 2
1460	70, 20, 5, 3, 2
1460	70, 20, 5, 3, 2
1465	10, 5, 2, 1, 1
1465	70, 20, 5, 3, 2
1475	10, 70, 15, 3, 2
1475	10, 5, 80, 3, 2
1479	10, 80, 5, 3, 2
1479	10, 5, 2, 1, 1
1491	90, 5, 3, 1, 1
1491	70, 20, 5, 3, 2
1497	70, 20, 5, 3, 2
1497	70, 20, 5, 3, 2
1507	10, 5, 3, 1, 1
1507	70, 20, 5, 3, 2
1523	70, 20, 5, 3, 2
1523	70, 20, 5, 3, 2
1540	70, 20, 5, 3, 2
1540	70, 20, 5, 3, 2
1564	90, 5, 3, 1, 1
1564	70, 20, 5, 3, 2
1582	10, 80, 5, 3, 2
1582	70, 20, 5, 3, 2
1595	70, 20, 5, 3, 2
1595	70, 20, 5, 3, 2
1619	10, 5, 2, 1, 1
1619	10, 5, 2, 1, 1
1624	70, 20, 5, 3, 2
1624	70, 20, 5, 3, 2
1667	70, 20, 5, 3, 2
1667	70, 20, 5, 3, 2
1707	70, 20, 5, 3, 2
1707	70, 20, 5, 3, 2
1746	70, 20, 5, 3, 2
1746	90, 5, 3, 1, 1
1757	90, 5, 3, 1, 1
1757	90, 5, 3, 1, 1
1777	70, 20, 5, 3, 2
1777	70, 20, 5, 3, 2
1786	90, 5, 3, 1, 1
1786	90, 5, 3, 1, 1
1788	70, 20, 5, 3, 2
1788	70, 20, 5, 3, 2
1799	10, 5, 80, 3, 2
1799	70, 20, 5, 3, 2
1807	70, 20, 5, 3, 2
1807	90, 5, 3, 1, 1
1816	90, 5, 3, 1, 1
1816	20, 10, 5, 3, 2
1818	70, 20, 5, 3, 2
1818	70, 20, 5, 3, 2
1832	10, 70, 15, 3, 2
1832	70, 20, 5, 3, 2
1833	90, 5, 3, 1, 1
1833	70, 20, 5, 3, 2
1856	70, 20, 5, 3, 2
1856	70, 20, 5, 3, 2
1865	10, 5, 80, 3, 2
1865	10, 5, 2, 1, 1
1889	70, 20, 5, 3, 2
1889	10, 20, 30, 20, 20
1895	70, 20, 5, 3, 2
1895	90, 5, 3, 1, 1
1897	70, 20, 5, 3, 2
1897	70, 20, 5, 3, 2
1911	70, 20, 5, 3, 2
1911	70, 20, 5, 3, 2
1917	70, 20, 5, 3, 2
1917	70, 20, 5, 3, 2
1935	10, 5, 5, 5, 75
1935	10, 5, 5, 80, 0
1939	70, 20, 5, 3, 2
1939	10, 70, 15, 3, 2
1940	70, 20, 5, 3, 2
1940	70, 20, 5, 3, 2
1944	70, 20, 5, 3, 2
1944	90, 5, 3, 1, 1
1951	70, 20, 5, 3, 2
1951	70, 20, 5, 3, 2
1953	90, 5, 3, 1, 1
1953	70, 20, 5, 3, 2
1983	70, 20, 5, 3, 2
1983	70, 20, 5, 3, 2
2006	10, 5, 3, 1, 1
2006	50, 20, 10, 10, 10
2033	10, 5, 2, 1, 1
2033	70, 20, 5, 3, 2
2038	10, 5, 80, 3, 2
2038	90, 5, 3, 1, 1
2046	70, 20, 5, 3, 2
2046	70, 20, 5, 3, 2
2050	10, 70, 15, 3, 2
2050	10, 5, 2, 1, 1
2068	10, 5, 3, 1, 1
2068	70, 20, 5, 3, 2
2073	70, 20, 5, 3, 2
2073	70, 20, 5, 3, 2
2075	70, 20, 5, 3, 2
2075	70, 20, 5, 3, 2
2105	90, 5, 3, 1, 1
2105	70, 20, 5, 3, 2
2133	70, 20, 5, 3, 2
2133	10, 80, 5, 3, 2
2154	10, 5, 80, 3, 2
2154	70, 20, 5, 3, 2
2179	70, 20, 5, 3, 2
2179	70, 20, 5, 3, 2
2182	70, 20, 5, 3, 2
2182	70, 20, 5, 3, 2
2186	70, 20, 5, 3, 2
2186	70, 20, 5, 3, 2
2191	10, 70, 15, 3, 2
2191	10, 5, 80, 3, 2
2197	70, 20, 5, 3, 2
2197	20, 10, 5, 3, 2
2220	70, 20, 5, 3, 2
2220	70, 20, 5, 3, 2
2222	10, 5, 2, 1, 1
2222	10, 5, 3, 1, 1
2278	70, 20, 5, 3, 2
2278	90, 5, 3, 1, 1
2280	70, 20, 5, 3, 2
2280	70, 20, 5, 3, 2
2332	70, 20, 5, 3, 2
2332	70, 20, 5, 3, 2
2335	10, 5, 3, 1, 1
2335	90, 5, 3, 1, 1
2339	20, 5, 70, 3, 2
2339	70, 20, 5, 3, 2
2353	10, 5, 80, 3, 2
2353	70, 20, 5, 3, 2
2357	70, 20, 5, 3, 2
2357	70, 20, 5, 3, 2
2369	90, 5, 3, 1, 1
2369	70, 20, 5, 3, 2
2409	70, 20, 5, 3, 2
2409	70, 20, 5, 3, 2
2416	70, 20, 5, 3, 2
2416	70, 20, 5, 3, 2
2426	70, 20, 5, 3, 2
2426	20, 70, 5, 3, 2
2428	70, 20, 5, 3, 2
2428	70, 20, 5, 3, 2
2453	90, 5, 3, 1, 1
2453	70, 20, 5, 3, 2
2462	10, 5, 80, 3, 2
2462	10, 5, 80, 3, 2
2465	70, 20, 5, 3, 2
2465	10, 20, 30, 20, 20
2475	70, 20, 5, 3, 2
2475	70, 20, 5, 3, 2
2479	70, 20, 5, 3, 2
2479	90, 5, 3, 1, 1
2494	90, 5, 3, 1, 1
2494	10, 5, 80, 3, 2
2510	90, 5, 3, 1, 1
2510	90, 5, 3, 1, 1
2542	70, 20, 5, 3, 2
2542	70, 20, 5, 3, 2
2546	70, 20, 5, 3, 2
2546	90, 5, 3, 1, 1
2549	70, 20, 5, 3, 2
2549	70, 20, 5, 3, 2
2551	70, 20, 5, 3, 2
2551	70, 20, 5, 3, 2
2586	70, 20, 5, 3, 2
2586	70, 20, 5, 3, 2
2603	70, 20, 5, 3, 2
2603	70, 20, 5, 3, 2
2615	70, 20, 5, 3, 2
2615	10, 80, 5, 3, 2
2619	10, 5, 5, 80, 0
2619	70, 20, 5, 3, 2
2622	70, 20, 5, 3, 2
2622	70, 20, 5, 3, 2
2630	10, 5, 2, 1, 1
2630	70, 20, 5, 3, 2
2637	90, 5, 3, 1, 1
2637	70, 20, 5, 3, 2
2676	10, 5, 80, 3, 2
2676	10, 70, 15, 3, 2
2694	70, 20, 5, 3, 2
2694	70, 20, 5, 3, 2
2695	90, 5, 3, 1, 1
2695	10, 5, 80, 3, 2
2698	70, 20, 5, 3, 2
2698	90, 5, 3, 1, 1
2701	70, 20, 5, 3, 2
2701	70, 20, 5, 3, 2
2738	10, 5, 2, 1, 1
2738	10, 5, 2, 1, 1
2755	90, 5, 3, 1, 1
2755	10, 5, 3, 1, 1
2782	70, 20, 5, 3, 2
2782	70, 20, 5, 3, 2
2786	70, 20, 5, 3, 2
2786	70, 20, 5, 3, 2
2829	70, 20, 5, 3, 2
2829    10, 20, 30, 25, 15
2843	70, 20, 5, 3, 2
2843	10, 5, 80, 3, 2
2880	10, 5, 80, 3, 2
2880	70, 20, 5, 3, 2
2888	70, 20, 5, 3, 2
2888	70, 20, 5, 3, 2
2936	10, 20, 50, 15, 5
2936	10, 5, 2, 1, 1
2957	70, 20, 5, 3, 2
2957	70, 20, 5, 3, 2
2959	70, 20, 5, 3, 2
2959	70, 20, 5, 3, 2
2964	90, 5, 3, 1, 1
2964	20, 10, 5, 3, 2
2982	70, 20, 5, 3, 2
2982	10, 5, 80, 3, 2
2990	70, 20, 5, 3, 2
2990	70, 20, 5, 3, 2
2998	70, 15, 10, 3, 2
2998	70, 20, 5, 3, 2
3002	70, 20, 5, 3, 2
3002	70, 20, 5, 3, 2
3004	10, 5, 2, 1, 1
3004	20, 10, 5, 3, 2
3021	70, 20, 5, 3, 2
3021	70, 20, 5, 3, 2
3037	70, 20, 5, 3, 2
3037	70, 20, 5, 3, 2
3042	70, 15, 10, 3, 2
3042	70, 20, 5, 3, 2
3051	70, 20, 5, 3, 2
3051	70, 20, 5, 3, 2
3070	20, 10, 5, 3, 2
3070	20, 50, 20, 5, 5
3077	10, 80, 5, 3, 2
3077	10, 5, 5, 80, 0
3086	10, 5, 2, 1, 1
3086	10, 80, 5, 3, 2
3093	80, 10, 5, 3, 2
3093	90, 5, 3, 1, 1
3100	70, 20, 5, 3, 2
3100	70, 20, 5, 3, 2
3107	10, 5, 5, 80, 0
3107	70, 20, 5, 3, 2
3116	10, 5, 80, 3, 2
3116	70, 20, 5, 3, 2
3145	70, 20, 5, 3, 2
3145	90, 5, 3, 1, 1
3149	70, 20, 5, 3, 2
3149	10, 80, 5, 3, 2
3152	70, 20, 5, 3, 2
3152	70, 20, 5, 3, 2
3160	90, 5, 3, 1, 1
3160	70, 20, 5, 3, 2
3169	70, 20, 5, 3, 2
3169	70, 20, 5, 3, 2
3170	70, 20, 5, 3, 2
3170	90, 5, 3, 1, 1
3175	70, 20, 5, 3, 2
3175	20, 10, 5, 3, 2
3182	10, 5, 2, 1, 1
3182	10, 5, 80, 3, 2
3228	70, 20, 5, 3, 2
3228	10, 5, 3, 1, 1
3246	70, 20, 5, 3, 2
3246	70, 20, 5, 3, 2
3295	70, 20, 5, 3, 2
3295	20, 30, 40, 5, 5
3298	70, 20, 5, 3, 2
3298	70, 20, 5, 3, 2
3302	90, 5, 3, 1, 1
3302	20, 10, 5, 3, 2
3308	70, 20, 5, 3, 2
3308	70, 20, 5, 3, 2
3338	70, 20, 5, 3, 2
3338	90, 5, 3, 1, 1
3363	70, 20, 5, 3, 2
3363	10, 5, 80, 3, 2
3370	70, 20, 5, 3, 2
3370	70, 20, 5, 3, 2
3395	10, 5, 5, 80, 0
3395	10, 90, 0, 0, 0
3401	70, 20, 5, 3, 2
3401	70, 20, 5, 3, 2
3414	70, 20, 5, 3, 2
3414	10, 5, 5, 80, 0
3446	70, 20, 5, 3, 2
3446	90, 5, 3, 1, 1
3453	10, 5, 2, 1, 1
3453	70, 20, 5, 3, 2
3470	70, 20, 5, 3, 2
3470	70, 20, 5, 3, 2
3521	10, 5, 80, 3, 2
3521	70, 20, 5, 3, 2
3524	70, 20, 5, 3, 2
3524	70, 20, 5, 3, 2
3545	70, 20, 5, 3, 2
3545	70, 20, 5, 3, 2
3563	70, 20, 5, 3, 2
3563	10, 5, 3, 2, 1
3585	70, 20, 5, 3, 2
3585	70, 20, 5, 3, 2
3618	10, 90, 0, 0, 0
3618	10, 5, 2, 1, 1
3649	90, 5, 3, 1, 1
3649	70, 20, 5, 3, 2
3656	10, 80, 5, 3, 2
3656	70, 20, 5, 3, 2
3667	70, 20, 5, 3, 2
3667	10, 5, 5, 80, 0
3688	90, 5, 3, 1, 1
3688	90, 5, 3, 1, 1
3691	70, 20, 5, 3, 2
3691	80, 15, 3, 1, 1
3725	90, 5, 3, 1, 1
3725	90, 5, 3, 1, 1
3738	70, 20, 5, 3, 2
3738	70, 20, 5, 3, 2
3754	10, 80, 5, 3, 2
3754	70, 20, 5, 3, 2
3767	10, 20, 30, 20, 20
3767	10, 5, 5, 80, 0
3773	70, 20, 5, 3, 2
3773	10, 5, 80, 3, 2
3797	10, 5, 2, 1, 1
3797	70, 20, 5, 3, 2
3807	90, 5, 3, 1, 1
3807	20, 10, 5, 3, 2
3822	10, 5, 2, 1, 1
3822	10, 20, 30, 20, 20
3831	70, 20, 5, 3, 2
3831	70, 20, 5, 3, 2
3832	70, 20, 5, 3, 2
3832	70, 20, 5, 3, 2
3836	10, 5, 2, 1, 1
3836	10, 80, 5, 3, 2
3837	70, 20, 5, 3, 2
3837	70, 20, 5, 3, 2
3864	70, 20, 5, 3, 2
3864	70, 20, 5, 3, 2
3876	70, 20, 5, 3, 2
3876	70, 20, 5, 3, 2
3878	70, 20, 5, 3, 2
3878	70, 20, 5, 3, 2
3881	10, 5, 80, 3, 2
3881	10, 80, 5, 3, 2
3883	10, 20, 30, 20, 20
3883	10, 5, 3, 1, 1
3891	70, 20, 5, 3, 2
3891	10, 5, 5, 80, 0
3892	70, 20, 5, 3, 2
3892	90, 5, 3, 1, 1
3935	70, 20, 5, 3, 2
3935	70, 20, 5, 3, 2
3940	70, 20, 5, 3, 2
3940	70, 20, 5, 3, 2
3947	70, 15, 10, 3, 2
3947	10, 5, 2, 1, 1
3967	70, 20, 5, 3, 2
3967	70, 20, 5, 3, 2
3972	90, 5, 3, 1, 1
3972	70, 20, 5, 3, 2
3981	70, 15, 10, 3, 2
3981	70, 20, 5, 3, 2
3982	70, 20, 5, 3, 2
3982	10, 5, 80, 3, 2
4006	70, 20, 5, 3, 2
4006	70, 20, 5, 3, 2
4010	70, 20, 5, 3, 2
4010	10, 70, 15, 3, 2
4013	70, 20, 5, 3, 2
4013	90, 5, 3, 1, 1
4014	70, 20, 5, 3, 2
4014	70, 20, 5, 3, 2
4020	10, 5, 80, 3, 2
4020	70, 20, 5, 3, 2
4060	90, 5, 3, 1, 1
4060	70, 20, 5, 3, 2
4065	70, 20, 5, 3, 2
4065	90, 5, 3, 1, 1
4070	70, 20, 5, 3, 2
4070	90, 5, 3, 1, 1
4084	70, 20, 5, 3, 2
4084	70, 20, 5, 3, 2
4100	70, 20, 5, 3, 2
4100	10, 20, 30, 20, 20
4109	70, 20, 5, 3, 2
4109	10, 5, 2, 1, 1
4119	70, 20, 5, 3, 2
4119	70, 20, 5, 3, 2
4144	70, 20, 5, 3, 2
4144	70, 20, 5, 3, 2
4168	70, 20, 5, 3, 2
4168	70, 20, 5, 3, 2
4177	70, 20, 5, 3, 2
4177	70, 20, 5, 3, 2
4192	70, 20, 5, 3, 2
4192	70, 20, 5, 3, 2
4198	70, 20, 5, 3, 2
4198	70, 20, 5, 3, 2
4203	90, 5, 3, 1, 1
4203	70, 15, 10, 3, 2
