2	90, 5, 3, 1, 1
2	90, 5, 3, 1, 1
26	90, 5, 3, 1, 1
26	90, 5, 3, 1, 1
30	90, 5, 3, 1, 1
30	90, 5, 3, 1, 1
37	90, 5, 3, 1, 1
37	90, 5, 3, 1, 1
59	90, 5, 3, 1, 1
59	90, 5, 3, 1, 1
65	70, 20, 5, 3, 2
65	90, 5, 3, 1, 1
66	90, 5, 3, 1, 1
66	90, 5, 3, 1, 1
84	90, 5, 3, 1, 1
84	90, 5, 3, 1, 1
86	90, 5, 3, 1, 1
86	90, 5, 3, 1, 1
90	80, 15, 3, 1, 1
90	70, 20, 5, 3, 2
97	90, 5, 3, 1, 1
97	90, 5, 3, 1, 1
101	90, 5, 3, 1, 1
101	90, 5, 3, 1, 1
144	90, 5, 3, 1, 1
144	90, 5, 3, 1, 1
149	90, 5, 3, 1, 1
149	90, 5, 3, 1, 1
151	90, 5, 3, 1, 1
151	90, 5, 3, 1, 1
158	90, 5, 3, 1, 1
158	90, 5, 3, 1, 1
168	90, 5, 3, 1, 1
168	90, 5, 3, 1, 1
183	90, 5, 3, 1, 1
183	90, 5, 3, 1, 1
205	90, 5, 3, 1, 1
205	90, 5, 3, 1, 1
209	90, 5, 3, 1, 1
209	90, 5, 3, 1, 1
227	90, 5, 3, 1, 1
227	90, 5, 3, 1, 1
245	90, 5, 3, 1, 1
245	90, 5, 3, 1, 1
247	90, 5, 3, 1, 1
247	90, 5, 3, 1, 1
251	90, 5, 3, 1, 1
251	90, 5, 3, 1, 1
259	90, 5, 3, 1, 1
259	90, 5, 3, 1, 1
263	90, 5, 3, 1, 1
263	90, 5, 3, 1, 1
267	90, 5, 3, 1, 1
267	90, 5, 3, 1, 1
270	90, 5, 3, 1, 1
270	90, 5, 3, 1, 1
278	90, 5, 3, 1, 1
278	90, 5, 3, 1, 1
282	90, 5, 3, 1, 1
282	50, 30, 15, 3, 2
283	90, 5, 3, 1, 1
283	90, 5, 3, 1, 1
291	90, 5, 3, 1, 1
291	90, 5, 3, 1, 1
299	90, 5, 3, 1, 1
299	90, 5, 3, 1, 1
301	90, 5, 3, 1, 1
301	90, 5, 3, 1, 1
308	90, 5, 3, 1, 1
308	90, 5, 3, 1, 1
311	90, 5, 3, 1, 1
311	95, 3, 1, 0, 1
317	90, 5, 3, 1, 1
317	90, 5, 3, 1, 1
320	90, 5, 3, 1, 1
320	90, 5, 3, 1, 1
325	90, 5, 3, 1, 1
325	90, 5, 3, 1, 1
329	90, 5, 3, 1, 1
329	90, 5, 3, 1, 1
339	90, 5, 3, 1, 1
339	90, 5, 3, 1, 1
348	95, 3, 1, 0, 1
348	90, 5, 3, 1, 1
350	90, 5, 3, 1, 1 


350	20, 10, 5, 3, 2
354	90, 5, 3, 1, 1
354	90, 5, 3, 1, 1
355	90, 5, 3, 1, 1
355	90, 5, 3, 1, 1
358	95, 3, 1, 1, 0

The summary covers the main topic and key points of the news article, mentioning the temporary repairs made to the embankment on the Farnham to Alton line after it collapsed on 13 April. However, it lacks information about the replacement bus timetable, the warning of possible future closures for stabilisation work, and the expected cost of a longer-term solution. Overall, the summary is clear and logical but misses some important details.
358	90, 5, 3, 1, 1

The summary covers the main topic of the article, which is the temporary repairs made to the embankment on the Farnham to Alton line after it collapsed. However, it lacks key points such as the replacement bus timetable in operation, the expected reopening date, and the warning of possible future closures for stabilisation work. Additionally, the summary could be more specific by mentioning the location at Wrecclesham, Surrey. Overall, the summary is clear but lacks important details from the article.
372	90, 5, 3, 1, 1
372	90, 5, 3, 1, 1
384	90, 5, 3, 1, 1
384	90, 5, 3, 1, 1
397	90, 5, 3, 1, 1 
397	90, 5, 3, 1, 1 
401	90, 5, 3, 1, 1
401	90, 5, 3, 1, 1
403	90, 5, 3, 1, 1
403	90, 5, 3, 1, 1
421	90, 5, 3, 1, 1
421	90, 5, 3, 1, 1
422	90, 5, 3, 1, 1
422	90, 5, 3, 1, 1
443	90, 5, 3, 1, 1
443	90, 5, 3, 1, 1
450	90, 5, 3, 1, 1
450	90, 5, 3, 1, 1
455	90, 5, 3, 1, 1
455	95, 3, 1, 0, 1
476	50, 30, 10, 5, 5
476	90, 5, 3, 1, 1
479	90, 5, 3, 1, 1
479	90, 5, 3, 1, 1
499	90, 5, 3, 1, 1
499	90, 5, 3, 1, 1
501	90, 5, 3, 1, 1
501	90, 5, 3, 1, 1
506	90, 5, 3, 1, 1
506	90, 5, 3, 1, 1
511	95, 3, 1, 0, 1
511	95, 3, 1, 0, 1
536	70, 20, 5, 3, 2
536	70, 20, 5, 3, 2
538	90, 5, 3, 1, 1
538	90, 5, 3, 1, 1
541	90, 5, 3, 1, 1
541	90, 5, 3, 1, 1
543	90, 5, 3, 1, 1

The summary covers the main topic of Sir Gareth Edwards being named in the Queen's Birthday Honours list and attending a ceremony at Windsor Castle. However, it lacks key points such as his playing career, achievements, and personal life. The summary is clear and logical but misses important details from the news article.
543	90, 5, 3, 1, 1

The summary covers the main topic of Sir Gareth Edwards being named in the Queen's Birthday Honours list and attending a ceremony at Windsor Castle. It also mentions his rugby career and some personal details. However, it lacks details about his achievements in rugby, such as winning caps for Wales and the British Lions, as well as his career after retirement. Overall, the summary is clear and logical but could provide more information about his accomplishments.
565	90, 5, 3, 1, 1
565	90, 5, 3, 1, 1
602	90, 5, 3, 1, 1
602	90, 5, 3, 1, 1
608	90, 5, 3, 1, 1
608	90, 5, 3, 1, 1
614	90, 5, 3, 1, 1
614	90, 5, 3, 1, 1
615	90, 5, 3, 1, 1
615	90, 5, 3, 1, 1

The summary covers the main topic and key points of the news article, presenting them in a clear and logical order. It accurately captures the incident of a woman being carjacked, the involvement of an unknown man, the intervention of members of the public, and the subsequent arrest of a suspect. The only minor issue is the lack of mention of the two children being unharmed, which slightly lowers the overall rating.
621	90, 5, 3, 1, 1
621	90, 5, 3, 1, 1
625	90, 5, 3, 1, 1
625	90, 5, 3, 1, 1
630	90, 5, 3, 1, 1
630	90, 5, 3, 1, 1
653	95, 3, 1, 0, 1
653	90, 5, 3, 1, 1
657	90, 5, 3, 1, 1
657	90, 5, 3, 1, 1
663	90, 5, 3, 1, 1
663	90, 5, 3, 1, 1
670	90, 5, 3, 1, 1
670	90, 5, 3, 1, 1
686	90, 5, 3, 1, 1
686	90, 5, 3, 1, 1
702	90, 5, 3, 1, 1
702	90, 5, 3, 1, 1
723	90, 5, 3, 1, 1
723	90, 5, 3, 1, 1
729	90, 5, 3, 1, 1
729	90, 5, 3, 1, 1
744	90, 5, 3, 1, 1
744	90, 5, 3, 1, 1
768	90, 5, 3, 1, 1
768	95, 3, 1, 0, 1
769	90, 5, 3, 1, 1
769	90, 5, 3, 1, 1
770	90, 5, 3, 1, 1
770	90, 5, 3, 1, 1
771	90, 5, 3, 1, 1
771	90, 5, 3, 1, 1
798	90, 5, 3, 1, 1
798	90, 5, 3, 1, 1
799	90, 5, 3, 1, 1
799	90, 5, 3, 1, 1
809	90, 5, 3, 1, 1
809	90, 5, 3, 1, 1
811	90, 5, 3, 1, 1
811	90, 5, 3, 1, 1
812	90, 5, 3, 1, 1
812	90, 5, 3, 1, 1
824	90, 5, 3, 1, 1
824	90, 5, 3, 1, 1
832	90, 5, 3, 1, 1
832	90, 5, 3, 1, 1
843	90, 5, 3, 1, 1
843	90, 5, 3, 1, 1
844	90, 5, 3, 1, 1
844	90, 5, 3, 1, 1
846	90, 5, 3, 1, 1
846	90, 5, 3, 1, 1
854	90, 5, 3, 1, 1
854	90, 5, 3, 1, 1
877	90, 5, 3, 1, 1
877	90, 5, 3, 1, 1
891	90, 5, 3, 1, 1
891	90, 5, 3, 1, 1
900	90, 5, 3, 1, 1
900	90, 5, 3, 1, 1
909	90, 5, 3, 1, 1
909	90, 5, 3, 1, 1
911	90, 5, 3, 1, 1
911	90, 5, 3, 1, 1
918	90, 5, 3, 1, 1
918	90, 5, 3, 1, 1
922	90, 5, 3, 1, 1
922	90, 5, 3, 1, 1
930	90, 5, 3, 1, 1
930	90, 5, 3, 1, 1
953	90, 5, 3, 1, 1
953	90, 5, 3, 1, 1
956	95, 3, 1, 0, 1
956	90, 5, 3, 1, 1
964	90, 5, 3, 1, 1
964	90, 5, 3, 1, 1
986	90, 5, 3, 1, 1
986	90, 5, 3, 1, 1
994	90, 5, 3, 1, 1
994	90, 5, 3, 1, 1
1004	90, 5, 3, 1, 1
1004	90, 5, 3, 1, 1
1007	90, 5, 3, 1, 1
1007	90, 5, 3, 1, 1
1011	90, 5, 3, 1, 1
1011	90, 5, 3, 1, 1
1036	90, 5, 3, 1, 1
1036	90, 5, 3, 1, 1
1041	90, 5, 3, 1, 1
1041	90, 5, 3, 1, 1
1053	90, 5, 3, 1, 1
1053	90, 5, 3, 1, 1
1056	90, 5, 3, 1, 1
1056	90, 5, 3, 1, 1
1061	90, 5, 3, 1, 1
1061	90, 5, 3, 1, 1
1063	90, 5, 3, 1, 1
1063	90, 5, 3, 1, 1
1084	70, 20, 5, 3, 2
1084	90, 5, 3, 1, 1
1087	90, 5, 3, 1, 1
1087	90, 5, 3, 1, 1
1089	90, 5, 3, 1, 1
1089	90, 5, 3, 1, 1
1093	90, 5, 3, 1, 1
1093	90, 5, 3, 1, 1
1106	90, 5, 3, 1, 1
1106	90, 5, 3, 1, 1
1113	90, 5, 3, 1, 1
1113	90, 5, 3, 1, 1
1117	90, 5, 3, 1, 1
1117	70, 20, 5, 3, 2
1136	90, 5, 3, 1, 1
1136	90, 5, 3, 1, 1
1137	90, 5, 3, 1, 1
1137	90, 5, 3, 1, 1
1141	70, 20, 5, 3, 2
1141	70, 20, 5, 3, 2
1143	95, 3, 1, 0, 1
1143	90, 5, 3, 1, 1
1163	90, 5, 3, 1, 1
1163	90, 5, 3, 1, 1
1176	90, 5, 3, 1, 1
1176	90, 5, 3, 1, 1
1220	90, 5, 3, 1, 1
1220	90, 5, 3, 1, 1
1235	90, 5, 3, 1, 1
1235	90, 5, 3, 1, 1
1236	90, 5, 3, 1, 1
1236	90, 5, 3, 1, 1
1238	90, 5, 3, 1, 1
1238	90, 5, 3, 1, 1
1244	90, 5, 3, 1, 1
1244	90, 5, 3, 1, 1
1247	95, 3, 1, 0, 1
1247	90, 5, 3, 1, 1
1250	90, 5, 3, 1, 1
1250	90, 5, 3, 1, 1
1256	90, 5, 3, 1, 1
1256	90, 5, 3, 1, 1
1265	90, 5, 3, 1, 1
1265	90, 5, 3, 1, 1
1267	90, 5, 3, 1, 1
1267	90, 5, 3, 1, 1
1290	90, 5, 3, 1, 1
1290	90, 5, 3, 1, 1
1296	90, 5, 3, 1, 1
1296	90, 5, 3, 1, 1
1299	90, 5, 3, 1, 1
1299	90, 5, 3, 1, 1
1335	90, 5, 3, 1, 1
1335	90, 5, 3, 1, 1
1354	90, 5, 3, 1, 1
1354	90, 5, 3, 1, 1
1363	90, 5, 3, 1, 1
1363	90, 5, 3, 1, 1
1368	90, 5, 3, 1, 1
1368	90, 5, 3, 1, 1
1382	90, 5, 3, 1, 1
1382	90, 5, 3, 1, 1
1390	90, 5, 3, 1, 1
1390	90, 5, 3, 1, 1
1395	90, 5, 3, 1, 1
1395	90, 5, 3, 1, 1
1408	90, 5, 3, 1, 1
1408	90, 5, 3, 1, 1
1409	90, 5, 3, 1, 1
1409	90, 5, 3, 1, 1
1411	90, 5, 3, 1, 1
1411	90, 5, 3, 1, 1
1415	90, 5, 3, 1, 1
1415	90, 5, 3, 1, 1
1422	90, 5, 3, 1, 1
1422	90, 5, 3, 1, 1
1423	90, 5, 3, 1, 1
1423	90, 5, 3, 1, 1
1427	90, 5, 3, 1, 1
1427	90, 5, 3, 1, 1
1433	90, 5, 3, 1, 1
1433	90, 5, 3, 1, 1
1440	90, 5, 3, 1, 1
1440	90, 5, 3, 1, 1
1450	90, 5, 3, 1, 1
1450	90, 5, 3, 1, 1
1458	90, 5, 3, 1, 1
1458	90, 5, 3, 1, 1
1462	90, 5, 3, 1, 1
1462	90, 5, 3, 1, 1
1467	90, 5, 3, 1, 1
1467	70, 20, 5, 3, 2
1469	90, 5, 3, 1, 1
1469	90, 5, 3, 1, 1
1476	90, 5, 3, 1, 1
1476	90, 5, 3, 1, 1
1489	90, 5, 3, 1, 1
1489	90, 5, 3, 1, 1
1496	90, 5, 3, 1, 1
1496	90, 5, 3, 1, 1
1503	90, 5, 3, 1, 1
1503	90, 5, 3, 1, 1
1518	90, 5, 3, 1, 1
1518	90, 5, 3, 1, 1
1519	90, 5, 3, 1, 1
1519	90, 5, 3, 1, 1
1528	90, 5, 3, 1, 1
1528	90, 5, 3, 1, 1
1539	90, 5, 3, 1, 1
1539	90, 5, 3, 1, 1
1546	90, 5, 3, 1, 1
1546	90, 5, 3, 1, 1
1555	90, 5, 3, 1, 1
1555	90, 5, 3, 1, 1
1556	90, 5, 3, 1, 1
1556	90, 5, 3, 1, 1
1557	90, 5, 3, 1, 1
1557	90, 5, 3, 1, 1
1564	90, 5, 3, 1, 1
1564	90, 5, 3, 1, 1
1608	90, 5, 3, 1, 1
1608	90, 5, 3, 1, 1
1615	90, 5, 3, 1, 1
1615	90, 5, 3, 1, 1
1623	90, 5, 3, 1, 1
1623	90, 5, 3, 1, 1
1648	70, 20, 5, 3, 2
1648	90, 5, 3, 1, 1
1662	90, 5, 3, 1, 1
1662	90, 5, 3, 1, 1
1669	90, 5, 3, 1, 1
1669	90, 5, 3, 1, 1
1679	90, 5, 3, 1, 1
1679	90, 5, 3, 1, 1
1681	90, 5, 3, 1, 1
1681	90, 5, 3, 1, 1
1692	20, 30, 40, 5, 5
1692	0, 10, 5, 3, 2
1696	90, 5, 3, 1, 1
1696	90, 5, 3, 1, 1
1699	90, 5, 3, 1, 1
1699	90, 5, 3, 1, 1
1724	90, 5, 3, 1, 1
1724	95, 3, 1, 0, 1
1737	90, 5, 3, 1, 1
1737	90, 5, 3, 1, 1
1745	90, 5, 3, 1, 1
1745	90, 5, 3, 1, 1
1746	90, 5, 3, 1, 1
1746	90, 5, 3, 1, 1
1748	90, 5, 3, 1, 1
1748	90, 5, 3, 1, 1
1753	90, 5, 3, 1, 1
1753	70, 20, 5, 3, 2
1763	90, 5, 3, 1, 1
1763	95, 3, 1, 0, 1
1772	90, 5, 3, 1, 1
1772	90, 5, 3, 1, 1
1778	90, 5, 3, 1, 1
1778	90, 5, 3, 1, 1
1779	90, 5, 3, 1, 1
1779	90, 5, 3, 1, 1
1787	90, 5, 3, 1, 1
1787	90, 5, 3, 1, 1
1791	90, 5, 3, 1, 1
1791	90, 5, 3, 1, 1
1794	90, 5, 3, 1, 1
1794	90, 5, 3, 1, 1
1799	90, 5, 3, 1, 1
1799	90, 5, 3, 1, 1
1803	90, 5, 3, 1, 1
1803	90, 5, 3, 1, 1
1805	90, 5, 3, 1, 1
1805	90, 5, 3, 1, 1
1843	90, 5, 3, 1, 1
1843	90, 5, 3, 1, 1
1850	90, 5, 3, 1, 1
1850	90, 5, 3, 1, 1
1863	90, 5, 3, 1, 1
1863	90, 5, 3, 1, 1
1868	90, 5, 3, 1, 1
1868	90, 5, 3, 1, 1
1872	90, 5, 3, 1, 1
1872	90, 5, 3, 1, 1
1878	90, 5, 3, 1, 1
1878	90, 5, 3, 1, 1
1886	95, 3, 1, 0, 1
1886	95, 3, 1, 0, 1
1893	10, 5, 5, 3, 2
1893	90, 5, 3, 1, 1
1894	90, 5, 3, 1, 1
1894	90, 5, 3, 1, 1
1909	50, 30, 10, 5, 5
1909	50, 30, 10, 5, 5

The summary briefly mentions Mr. Zhou's disappearance and the speculation that he has been picked up by the police as part of an anti-corruption drive. However, it lacks key details such as his background as a successful businessman and the actions taken by his company in response to his absence. The summary is somewhat clear but lacks depth and organization.
1913	90, 5, 3, 1, 1
1913	90, 5, 3, 1, 1
1930	90, 5, 3, 1, 1
1930	90, 5, 3, 1, 1
1952	70, 20, 5, 3, 2
1952	70, 20, 5, 3, 2
1983	70, 15, 10, 3, 2
1983	80, 15, 3, 1, 1
1992	90, 5, 3, 1, 1
1992	90, 5, 3, 1, 1
1995	90, 5, 3, 1, 1
1995	90, 5, 3, 1, 1
1998	90, 5, 3, 1, 1
1998	90, 5, 3, 1, 1
2003	90, 5, 3, 1, 1
2003	90, 5, 3, 1, 1
2022	90, 5, 3, 1, 1
2022	90, 5, 3, 1, 1
2028	90, 5, 3, 1, 1
2028	90, 5, 3, 1, 1
2037	90, 5, 3, 1, 1

The summary covers the main topic and key points of the news article, including Johnny McGurk's age, profession, previous achievements, charges against him, and court appearance. It presents the information in a clear and logical order. There is a high likelihood of the summary receiving a score of 5, with a small chance of receiving a lower score due to potential minor details that could have been included.
2037	90, 5, 3, 1, 1
2038	70, 20, 5, 3, 2
2038	70, 20, 5, 3, 2
2039	90, 5, 3, 1, 1
2039	90, 5, 3, 1, 1
2042	90, 5, 3, 1, 1
2042	90, 5, 3, 1, 1
2055	90, 5, 3, 1, 1
2055	90, 5, 3, 1, 1
2063	90, 5, 3, 1, 1
2063	90, 5, 3, 1, 1
2066	90, 5, 3, 1, 1
2066	90, 5, 3, 1, 1
2069	90, 5, 3, 1, 1
2069	90, 5, 3, 1, 1
2087	90, 5, 3, 1, 1
2087	90, 5, 3, 1, 1
2091	90, 5, 3, 1, 1
2091	90, 5, 3, 1, 1
2092	90, 5, 3, 1, 1
2092	90, 5, 3, 1, 1
2093	90, 5, 3, 1, 1
2093	90, 5, 3, 1, 1
2097	90, 5, 3, 1, 1
2097	90, 5, 3, 1, 1
2101	90, 5, 3, 1, 1
2101	90, 5, 3, 1, 1
2106	90, 5, 3, 1, 1
2106	90, 5, 3, 1, 1
2113	90, 5, 3, 1, 1
2113	90, 5, 3, 1, 1
2116	90, 5, 3, 1, 1
2116	90, 5, 3, 1, 1
2121	90, 5, 3, 1, 1
2121	90, 5, 3, 1, 1
2124	90, 5, 3, 1, 1
2124	90, 5, 3, 1, 1
2131	90, 5, 3, 1, 1
2131	90, 5, 3, 1, 1
2135	90, 5, 3, 1, 1
2135	90, 5, 3, 1, 1
2137	90, 5, 3, 1, 1
2137	90, 5, 3, 1, 1
2146	90, 5, 3, 1, 1
2146	90, 5, 3, 1, 1
2152	90, 5, 3, 1, 1
2152	90, 5, 3, 1, 1
2169	70, 20, 5, 3, 2
2169	70, 20, 5, 3, 2
2177	90, 5, 3, 1, 1
2177	90, 5, 3, 1, 1
2187	90, 5, 3, 1, 1
2187	90, 5, 3, 1, 1
2194	90, 5, 3, 1, 1
2194	90, 5, 3, 1, 1
2195	90, 5, 3, 1, 1
2195	90, 5, 3, 1, 1
2197	90, 5, 3, 1, 1
2197	90, 5, 3, 1, 1
2211	90, 5, 3, 1, 1
2211	90, 5, 3, 1, 1
2217	90, 5, 3, 1, 1
2217	90, 5, 3, 1, 1
2240	90, 5, 3, 1, 1
2240	90, 5, 3, 1, 1
2249	90, 5, 3, 1, 1
2249	90, 5, 3, 1, 1
2252	90, 5, 3, 1, 1
2252	90, 5, 3, 1, 1
2257	70, 20, 5, 3, 2
2257	70, 20, 5, 3, 2
2275	90, 5, 3, 1, 1
2275	90, 5, 3, 1, 1
2281	90, 5, 3, 1, 1
2281	90, 5, 3, 1, 1
2289	90, 5, 3, 1, 1
2289	90, 5, 3, 1, 1
2290	90, 5, 3, 1, 1
2290	90, 5, 3, 1, 1
2311	90, 5, 3, 1, 1
2311	95, 3, 1, 0, 1
2314	90, 5, 3, 1, 1
2314	90, 5, 3, 1, 1
2318	90, 5, 3, 1, 1
2318	90, 5, 3, 1, 1
2328	90, 5, 3, 1, 1
2328	90, 5, 3, 1, 1
2330	90, 5, 3, 1, 1
2330	90, 5, 3, 1, 1
2336	90, 5, 3, 1, 1
2336	90, 5, 3, 1, 1
2341	90, 5, 3, 1, 1
2341	90, 5, 3, 1, 1
2347	90, 5, 3, 1, 1
2347	90, 5, 3, 1, 1
2353	90, 5, 3, 1, 1

The summary covers the main topic of David Crompton's retirement after a report found the force's response to abuse was inadequate. It mentions his years in the role and in policing, but it lacks details about the specific findings of the report and the issues surrounding the abuse in Rotherham. The summary is clear and presented in a logical order, but it could provide more context and information from the news article.
2353	90, 5, 3, 1, 1

The summary covers the main topic of David Crompton's retirement after 31 years in policing and briefly mentions the reason for his retirement, which is the inadequate response to abuse as highlighted in Prof John Drew's report. However, it lacks details about the specific findings of the report and the ongoing investigations related to child sexual exploitation in Rotherham. The summary is clear and presented in a logical order, but it could be improved by including more key points from the news article.
2363	90, 5, 3, 1, 1
2363	90, 5, 3, 1, 1
2371	90, 5, 3, 1, 1
2371	90, 5, 3, 1, 1
2380	90, 5, 3, 1, 1
2380	90, 5, 3, 1, 1
2396	90, 5, 3, 1, 1
2396	90, 5, 3, 1, 1
2401	90, 5, 3, 1, 1
2401	90, 5, 3, 1, 1
2403	95, 3, 1, 0, 1
2403	90, 5, 3, 1, 1
2408	90, 5, 3, 1, 1
2408	90, 5, 3, 1, 1
2413	90, 5, 3, 1, 1
2413	90, 5, 3, 1, 1
2415	95, 3, 1, 1, 0
2415	90, 5, 3, 1, 1
2423	90, 5, 3, 1, 1
2423	70, 20, 5, 3, 2
2446	90, 5, 3, 1, 1
2446	90, 5, 3, 1, 1
2472	90, 5, 3, 1, 1
2472	70, 20, 5, 3, 2
2496	90, 5, 3, 1, 1
2496	90, 5, 3, 1, 1
2516	90, 5, 3, 1, 1
2516	90, 5, 3, 1, 1
2518	90, 5, 3, 1, 1
2518	90, 5, 3, 1, 1
2519	90, 5, 3, 1, 1
2519	90, 5, 3, 1, 1
2521	90, 5, 3, 1, 1
2521	90, 5, 3, 1, 1
2525	90, 5, 3, 1, 1
2525	90, 5, 3, 1, 1
2535	90, 5, 3, 1, 1
2535	90, 5, 3, 1, 1
2547	90, 5, 3, 1, 1
2547	90, 5, 3, 1, 1
2549	90, 5, 3, 1, 1
2549	90, 5, 3, 1, 1

The summary covers the main topic of jellyfish blooms appearing along the shoreline of Anglesey and reports of children being stung. It presents the key points of the news article in a clear and logical order. However, it lacks some details mentioned in the article, such as the advice given by Frankie Hobrow from the Anglesey Sea Zoo and the information about different types of jellyfish seen in the area. Overall, the summary is likely to receive a high score of 5, with a small chance of receiving a lower score due to missing details.
2551	90, 5, 3, 1, 1
2551	90, 5, 3, 1, 1
2559	90, 5, 3, 1, 1
2559	90, 5, 3, 1, 1
2574	90, 5, 3, 1, 1
2574	90, 5, 3, 1, 1
2586	90, 5, 3, 1, 1
2586	90, 5, 3, 1, 1
2592	90, 5, 3, 1, 1
2592	90, 5, 3, 1, 1
2594	90, 5, 3, 1, 1
2594	90, 5, 3, 1, 1
2601	90, 5, 3, 1, 1
2601	90, 5, 3, 1, 1
2647	90, 5, 3, 1, 1
2647	90, 5, 3, 1, 1
2656	90, 5, 3, 1, 1
2656	90, 5, 3, 1, 1
2658	90, 5, 3, 1, 1
2658	90, 5, 3, 1, 1
2662	90, 5, 3, 1, 1
2662	90, 5, 3, 1, 1
2665	90, 5, 3, 1, 1
2665	90, 5, 3, 1, 1
2667	90, 5, 3, 1, 1
2667	90, 5, 3, 1, 1
2674	90, 5, 3, 1, 1
2674	90, 5, 3, 1, 1
2688	95, 3, 1, 0, 1
2688	95, 3, 1, 0, 1
2689	90, 5, 3, 1, 1
2689	90, 5, 3, 1, 1
2700	70, 20, 5, 3, 2
2700	70, 20, 5, 3, 2
2703	90, 5, 3, 1, 1
2703	90, 5, 3, 1, 1
2705	90, 5, 3, 1, 1
2705	90, 5, 3, 1, 1
2711	95, 3, 1, 0, 1
2711	90, 5, 3, 1, 1
2717	10, 70, 15, 3, 2
2717	20, 70, 5, 3, 2
2724	90, 5, 3, 1, 1
2724	90, 5, 3, 1, 1
2730	50, 30, 15, 3, 2
2730	50, 30, 15, 3, 2
2743	90, 5, 3, 1, 1
2743	90, 5, 3, 1, 1
2762	90, 5, 3, 1, 1
2762	90, 5, 3, 1, 1
2775	90, 5, 3, 1, 1
2775	90, 5, 3, 1, 1
2778	90, 5, 3, 1, 1
2778	90, 5, 3, 1, 1
2781	90, 5, 3, 1, 1
2781	90, 5, 3, 1, 1
2783	90, 5, 3, 1, 1
2783	90, 5, 3, 1, 1
2803	90, 5, 3, 1, 1
2803	90, 5, 3, 1, 1
2814	90, 5, 3, 1, 1
2814	90, 5, 3, 1, 1
2817	90, 5, 3, 1, 1
2817	90, 5, 3, 1, 1
2825	90, 5, 3, 1, 1
2825	90, 5, 3, 1, 1
2856	90, 5, 3, 1, 1
2856	90, 5, 3, 1, 1
2872	90, 5, 3, 1, 1
2872	90, 5, 3, 1, 1
2885	90, 5, 3, 1, 1
2885	90, 5, 3, 1, 1
2894	90, 5, 3, 1, 1
2894	95, 3, 1, 0, 1
2900	95, 3, 1, 0, 1
2900	90, 5, 3, 1, 1
2905	90, 5, 3, 1, 1
2905	90, 5, 3, 1, 1
2927	90, 5, 3, 1, 1
2927	90, 5, 3, 1, 1
2928	90, 5, 3, 1, 1
2928	90, 5, 3, 1, 1
2934	90, 5, 3, 1, 1
2934	90, 5, 3, 1, 1
2935	95, 3, 1, 0, 1
2935	90, 5, 3, 1, 1
2939	90, 5, 3, 1, 1
2939	90, 5, 3, 1, 1
2956	95, 3, 1, 1, 0
2956	90, 5, 3, 1, 1
2973	90, 5, 3, 1, 1
2973	90, 5, 3, 1, 1
2989	90, 5, 3, 1, 1
2989	90, 5, 3, 1, 1
3000	90, 5, 3, 1, 1
3000	90, 5, 3, 1, 1
3002	95, 3, 1, 0, 1
3002	90, 5, 3, 1, 1
3017	90, 5, 3, 1, 1
3017	90, 5, 3, 1, 1
3018	90, 5, 3, 1, 1
3018	90, 5, 3, 1, 1
3019	95, 3, 1, 0, 1
3019	90, 5, 3, 1, 1
3023	90, 5, 3, 1, 1
3023	90, 5, 3, 1, 1
3039	70, 20, 5, 3, 2
3039	70, 20, 5, 3, 2
3044	90, 5, 3, 1, 1
3044	95, 3, 1, 0, 1
3045	90, 5, 3, 1, 1
3045	90, 5, 3, 1, 1
3049	90, 5, 3, 1, 1
3049	90, 5, 3, 1, 1
3051	90, 5, 3, 1, 1
3051	90, 5, 3, 1, 1
3052	90, 5, 3, 1, 1
3052	90, 5, 3, 1, 1
3063	90, 5, 3, 1, 1
3063	90, 5, 3, 1, 1
3065	90, 5, 3, 1, 1
3065	90, 5, 3, 1, 1
3070	90, 5, 3, 1, 1
3070	90, 5, 3, 1, 1
3085	90, 5, 3, 1, 1
3085	90, 5, 3, 1, 1
3089	90, 5, 3, 1, 1
3089	90, 5, 3, 1, 1
3095	90, 5, 3, 1, 1
3095	90, 5, 3, 1, 1
3096	90, 5, 3, 1, 1
3096	90, 5, 3, 1, 1
3097	90, 5, 3, 1, 1
3097	90, 5, 3, 1, 1
3101	90, 5, 3, 1, 1
3101	90, 5, 3, 1, 1
3103	90, 5, 3, 1, 1
3103	70, 20, 5, 3, 2
3114	90, 5, 3, 1, 1
3114	90, 5, 3, 1, 1
3121	90, 5, 3, 1, 1
3121	90, 5, 3, 1, 1
3130	90, 5, 3, 1, 1
3130	90, 5, 3, 1, 1
3133	90, 5, 3, 1, 1
3133	90, 5, 3, 1, 1
3144	95, 3, 1, 0, 1
3144	90, 5, 3, 1, 1
3146	90, 5, 3, 1, 1
3146	90, 5, 3, 1, 1
3148	90, 5, 3, 1, 1
3148	90, 5, 3, 1, 1
3173	90, 5, 3, 1, 1
3173	90, 5, 3, 1, 1
3183	90, 5, 3, 1, 1
3183	90, 5, 3, 1, 1
3188	90, 5, 3, 1, 1
3188	90, 5, 3, 1, 1
3194	95, 3, 1, 0, 1
3194	90, 5, 3, 1, 1
3195	95, 3, 1, 0, 1
3195	90, 5, 3, 1, 1
3201	90, 5, 3, 1, 1
3201	90, 5, 3, 1, 1
3202	90, 5, 3, 1, 1
3202	90, 5, 3, 1, 1
3204	90, 5, 3, 1, 1
3204	90, 5, 3, 1, 1
3206	90, 5, 3, 1, 1
3206	90, 5, 3, 1, 1
3230	90, 5, 3, 1, 1
3230	90, 5, 3, 1, 1
3245	90, 5, 3, 1, 1
3245	90, 5, 3, 1, 1
3248	90, 5, 3, 1, 1
3248	90, 5, 3, 1, 1
3256	90, 5, 3, 1, 1
3256	90, 5, 3, 1, 1
3260	90, 5, 3, 1, 1
3260	90, 5, 3, 1, 1
3263	70, 20, 5, 3, 2
3263	90, 5, 3, 1, 1
3276	90, 5, 3, 1, 1
3276	90, 5, 3, 1, 1
3287	90, 5, 3, 1, 1
3287	90, 5, 3, 1, 1
3295	90, 5, 3, 1, 1
3295	90, 5, 3, 1, 1
3296	70, 20, 5, 3, 2
3296	70, 20, 5, 3, 2
3325	90, 5, 3, 1, 1
3325	90, 5, 3, 1, 1
3337	90, 5, 3, 1, 1
3337	90, 5, 3, 1, 1
3341	90, 5, 3, 1, 1
3341	90, 5, 3, 1, 1
3349	90, 5, 3, 1, 1
3349	90, 5, 3, 1, 1
3352	95, 3, 1, 0, 1
3352	90, 5, 3, 1, 1
3356	90, 5, 3, 1, 1
3356	70, 20, 5, 3, 2
3392	90, 5, 3, 1, 1
3392	90, 5, 3, 1, 1
3396	70, 20, 5, 3, 2
3396	70, 20, 5, 3, 2
3404	70, 20, 5, 3, 2
3404	90, 5, 3, 1, 1
3408	90, 5, 3, 1, 1
3408	90, 5, 3, 1, 1
3410	70, 20, 5, 3, 2 
3410	70, 20, 5, 3, 2 
3414	90, 5, 3, 1, 1
3414	90, 5, 3, 1, 1
3415	90, 5, 3, 1, 1
3415	90, 5, 3, 1, 1
3417	90, 5, 3, 1, 1
3417	90, 5, 3, 1, 1
3418	70, 20, 5, 3, 2
3418	90, 5, 3, 1, 1
3419	90, 5, 3, 1, 1
3419	90, 5, 3, 1, 1
3426	90, 5, 3, 1, 1
3426	90, 5, 3, 1, 1
3429	90, 5, 3, 1, 1
3429	90, 5, 3, 1, 1
3436	90, 5, 3, 1, 1
3436	90, 5, 3, 1, 1
3444	90, 5, 3, 1, 1
3444	95, 3, 1, 0, 1
3445	95, 3, 1, 0, 1
3445	95, 3, 1, 0, 1
3470	90, 5, 3, 1, 1
3470	90, 5, 3, 1, 1
3474	90, 5, 3, 1, 1
3474	90, 5, 3, 1, 1
3483	90, 5, 3, 1, 1
3483	90, 5, 3, 1, 1
3491	90, 5, 3, 1, 1
3491	90, 5, 3, 1, 1
3501	90, 5, 3, 1, 1
3501	90, 5, 3, 1, 1
3504	90, 5, 3, 1, 1
3504	90, 5, 3, 1, 1
3505	90, 5, 3, 1, 1
3505	90, 5, 3, 1, 1
3508	90, 5, 3, 1, 1
3508	90, 5, 3, 1, 1
3537	90, 5, 3, 1, 1
3537	90, 5, 3, 1, 1
3540	90, 5, 3, 1, 1
3540	90, 5, 3, 1, 1
3555	90, 5, 3, 1, 1
3555	90, 5, 3, 1, 1
3567	90, 5, 3, 1, 1
3567	90, 5, 3, 1, 1
3573	90, 5, 3, 1, 1
3573	90, 5, 3, 1, 1
3590	90, 5, 3, 1, 1
3590	90, 5, 3, 1, 1
3614	90, 5, 3, 1, 1
3614	90, 5, 3, 1, 1
3618	90, 5, 3, 1, 1
3618	90, 5, 3, 1, 1
3635	90, 5, 3, 1, 1
3635	90, 5, 3, 1, 1
3643	90, 5, 3, 1, 1
3643	90, 5, 3, 1, 1
3656	90, 5, 3, 1, 1
3656	90, 5, 3, 1, 1
3664	90, 5, 3, 1, 1
3664	90, 5, 3, 1, 1
3669	95, 3, 1, 0, 1
3669	90, 5, 3, 1, 1
3673	90, 5, 3, 1, 1
3673	90, 5, 3, 1, 1
3674	90, 5, 3, 1, 1
3674	90, 5, 3, 1, 1
3685	90, 5, 3, 1, 1
3685	90, 5, 3, 1, 1
3691	90, 5, 3, 1, 1

The summary covers the main topic of the news article, which is the completion of the investigation into the murders of Hannah Witheridge and David Miller in Koh Tao, Thailand. It mentions the involvement of Metropolitan Police detectives, their return to the UK to compile a report, and update the families of the victims. However, it lacks some key points such as the suspects being Burmese migrant workers, the charges they are facing, and the concerns raised by the UK Foreign Office. Overall, the summary presents the information in a clear and logical order.
3691	90, 5, 3, 1, 1
3692	90, 5, 3, 1, 1
3692	90, 5, 3, 1, 1
3705	90, 5, 3, 1, 1
3705	90, 5, 3, 1, 1
3708	50, 30, 10, 5, 5
3708	50, 30, 10, 5, 5
3713	90, 5, 3, 1, 1
3713	90, 5, 3, 1, 1
3716	90, 5, 3, 1, 1
3716	70, 20, 5, 3, 2
3719	90, 5, 3, 1, 1
3719	90, 5, 3, 1, 1
3720	90, 5, 3, 1, 1
3720	90, 5, 3, 1, 1
3736	90, 5, 3, 1, 1
3736	90, 5, 3, 1, 1
3739	90, 5, 3, 1, 1
3739	90, 5, 3, 1, 1
3743	90, 5, 3, 1, 1
3743	90, 5, 3, 1, 1
3757	90, 5, 3, 1, 1
3757	90, 5, 3, 1, 1
3762	90, 5, 3, 1, 1
3762	90, 5, 3, 1, 1
3771	90, 5, 3, 1, 1
3771	90, 5, 3, 1, 1
3775	95, 3, 1, 0, 1
3775	90, 5, 3, 1, 1
3778	90, 5, 3, 1, 1
3778	90, 5, 3, 1, 1
3782	90, 5, 3, 1, 1
3782	90, 5, 3, 1, 1
3793	90, 5, 3, 1, 1
3793	90, 5, 3, 1, 1
3796	90, 5, 3, 1, 1
3796	90, 5, 3, 1, 1
3800	90, 5, 3, 1, 1
3800	90, 5, 3, 1, 1
3811	70, 20, 5, 3, 2
3811	50, 30, 10, 5, 5
3812	90, 5, 3, 1, 1
3812	90, 5, 3, 1, 1
3825	90, 5, 3, 1, 1
3825	95, 3, 1, 0, 1
3827	90, 5, 3, 1, 1
3827	90, 5, 3, 1, 1
3847	90, 5, 3, 1, 1
3847	90, 5, 3, 1, 1
3849	90, 5, 3, 1, 1
3849	90, 5, 3, 1, 1
3853	90, 5, 3, 1, 1
3853	90, 5, 3, 1, 1
3865	90, 5, 3, 1, 1
3865	90, 5, 3, 1, 1
3872	90, 5, 3, 1, 1
3872	90, 5, 3, 1, 1
3873	90, 5, 3, 1, 1
3873	90, 5, 3, 1, 1
3874	95, 3, 1, 1, 0
3874	90, 5, 3, 1, 1
3878	90, 5, 3, 1, 1
3878	90, 5, 3, 1, 1
3900	90, 5, 3, 1, 1
3900	90, 5, 3, 1, 1
3917	90, 5, 3, 1, 1
3917	90, 5, 3, 1, 1
3929	95, 3, 1, 0, 1
3929	90, 5, 3, 1, 1
3938	90, 5, 3, 1, 1
3938	90, 5, 3, 1, 1
3941	90, 5, 3, 1, 1
3941	90, 5, 3, 1, 1
3965	90, 5, 3, 1, 1
3965	90, 5, 3, 1, 1
3970	90, 5, 3, 1, 1
3970	90, 5, 3, 1, 1
3985	90, 5, 3, 1, 1
3985	90, 5, 3, 1, 1
3987	90, 5, 3, 1, 1
3987	90, 5, 3, 1, 1
3991	90, 5, 3, 1, 1
3991	90, 5, 3, 1, 1
4009	90, 5, 3, 1, 1
4009	90, 5, 3, 1, 1
4013	70, 20, 5, 3, 2
4013	70, 20, 5, 3, 2
4015	70, 20, 5, 3, 2
4015	70, 20, 5, 3, 2
4016	90, 5, 3, 1, 1
4016	90, 5, 3, 1, 1
4026	90, 5, 3, 1, 1
4026	90, 5, 3, 1, 1
4030	90, 5, 3, 1, 1
4030	90, 5, 3, 1, 1
4037	90, 5, 3, 1, 1
4037	90, 5, 3, 1, 1
4040	90, 5, 3, 1, 1
4040	90, 5, 3, 1, 1
4045	90, 5, 3, 1, 1
4045	90, 5, 3, 1, 1
4051	90, 5, 3, 1, 1
4051	70, 20, 5, 3, 2
4055	90, 5, 3, 1, 1
4055	90, 5, 3, 1, 1
4057	90, 5, 3, 1, 1
4057	90, 5, 3, 1, 1
4072	90, 5, 3, 1, 1
4072	90, 5, 3, 1, 1
4089	90, 5, 3, 1, 1
4089	90, 5, 3, 1, 1
4095	90, 5, 3, 1, 1
4095	90, 5, 3, 1, 1
4099	90, 5, 3, 1, 1
4099	90, 5, 3, 1, 1
4100	70, 20, 5, 3, 2
4100	70, 20, 5, 3, 2
4107	90, 5, 3, 1, 1
4107	90, 5, 3, 1, 1
4108	90, 5, 3, 1, 1
4108	90, 5, 3, 1, 1
4121	90, 5, 3, 1, 1
4121	90, 5, 3, 1, 1
4139	90, 5, 3, 1, 1
4139	70, 20, 5, 3, 2
4147	90, 5, 3, 1, 1
4147	90, 5, 3, 1, 1
4150	70, 20, 5, 3, 2
4150	90, 5, 3, 1, 1
4155	90, 5, 3, 1, 1
4155	90, 5, 3, 1, 1
4177	90, 5, 3, 1, 1
4177	90, 5, 3, 1, 1
4185	90, 5, 3, 1, 1
4185	90, 5, 3, 1, 1
4205	90, 5, 3, 1, 1
4205	90, 5, 3, 1, 1

The summary covers the main topic of Bradley Lowery's diagnosis with neuroblastoma and the fundraising for his treatment. However, it misses key points such as the update on his cancer growth and the overwhelming support shown through the Christmas cards. The summary is clear and logical but lacks important details from the news article.
4218	90, 5, 3, 1, 1
4218	90, 5, 3, 1, 1
4220	90, 5, 3, 1, 1
4220	90, 5, 3, 1, 1
4230	90, 5, 3, 1, 1
4230	90, 5, 3, 1, 1
4231    90, 5, 3, 1, 1
4231	0, 80, 10, 5, 3
4238	90, 5, 3, 1, 1
4238	90, 5, 3, 1, 1
4240	90, 5, 3, 1, 1
4240	90, 5, 3, 1, 1
4241	90, 5, 3, 1, 1
4241	90, 5, 3, 1, 1
4244	90, 5, 3, 1, 1
4244	90, 5, 3, 1, 1
4263	90, 5, 3, 1, 1
4263	90, 5, 3, 1, 1
4265	90, 5, 3, 1, 1
4265	90, 5, 3, 1, 1
4267	90, 5, 3, 1, 1
4267	90, 5, 3, 1, 1
4271	90, 5, 3, 1, 1
4271	90, 5, 3, 1, 1
4308	90, 5, 3, 1, 1
4308	90, 5, 3, 1, 1
4310	95, 3, 1, 0, 1
4310	95, 3, 1, 0, 1
4313	90, 5, 3, 1, 1
4313	90, 5, 3, 1, 1

The summary covers the main topic of the article, which is the poster calling for the departure of Massimo Cellino as the owner of Leeds United. It also mentions the reason for the supporters' anger, which is Cellino's failure to sell his share in the club. However, it does not include all the key points mentioned in the article, such as Cellino's agreement to sell his share to Leeds Fans United and the 'pie tax' issue. The summary is clear and presents the information in a logical order.
4315	90, 5, 3, 1, 1
4315	90, 5, 3, 1, 1
4334	90, 5, 3, 1, 1
4334	90, 5, 3, 1, 1
4337	90, 5, 3, 1, 1
4337	90, 5, 3, 1, 1
4339	90, 5, 3, 1, 1
4339	90, 5, 3, 1, 1
4344	90, 5, 3, 1, 1
4344	90, 5, 3, 1, 1
4358	90, 5, 3, 1, 1
4358	90, 5, 3, 1, 1
4359	90, 5, 3, 1, 1
4359	95, 3, 1, 0, 1
4364	90, 5, 3, 1, 1
4364	90, 5, 3, 1, 1
4368	90, 5, 3, 1, 1
4368	90, 5, 3, 1, 1
4398	90, 5, 3, 1, 1
4398	90, 5, 3, 1, 1
4414	90, 5, 3, 1, 1
4414	90, 5, 3, 1, 1
4423	90, 5, 3, 1, 1
4423	90, 5, 3, 1, 1

The summary covers the main topic and key points of the news article, including Fattah's guilty verdict on multiple charges and the involvement of political consultants. It presents the information in a clear and logical order. There is a high likelihood of the summary receiving a score of 5, with a small chance of receiving lower scores due to potential minor details that could have been included.
4430	90, 5, 3, 1, 1
4430	90, 5, 3, 1, 1
4435	90, 5, 3, 1, 1
4435	90, 5, 3, 1, 1
4445	90, 5, 3, 1, 1
4445	90, 5, 3, 1, 1
4448	90, 5, 3, 1, 1
4448	90, 5, 3, 1, 1
4453	90, 5, 3, 1, 1
4453	90, 5, 3, 1, 1
4462	90, 5, 3, 1, 1
4462	90, 5, 3, 1, 1
4470	90, 5, 3, 1, 1
4470	90, 5, 3, 1, 1
4471	90, 5, 3, 1, 1
4471	90, 5, 3, 1, 1
4487	90, 5, 3, 1, 1
4487	90, 5, 3, 1, 1
4491	90, 5, 3, 1, 1
4491	95, 3, 1, 0, 1
4502	90, 5, 3, 1, 1
4502	90, 5, 3, 1, 1
4504	50, 30, 15, 3, 2
4504	50, 30, 15, 3, 2
4520	90, 5, 3, 1, 1
4520	90, 5, 3, 1, 1
4540	90, 5, 3, 1, 1
4540	90, 5, 3, 1, 1
4549	90, 5, 3, 1, 1
4549	90, 5, 3, 1, 1
4550	90, 5, 3, 1, 1
4550	90, 5, 3, 1, 1
4568	90, 5, 3, 1, 1
4568	90, 5, 3, 1, 1
4569	50, 30, 15, 3, 2
4569	50, 30, 15, 3, 2
4576	90, 5, 3, 1, 1
4576	90, 5, 3, 1, 1
4581	90, 5, 3, 1, 1
4581	90, 5, 3, 1, 1
4600	50, 30, 15, 3, 2
4600	70, 20, 5, 3, 2
4602	95, 3, 1, 0, 1
4602	90, 5, 3, 1, 1
4603	90, 5, 3, 1, 1
4603	90, 5, 3, 1, 1
4604	90, 5, 3, 1, 1
4604	90, 5, 3, 1, 1
4614	90, 5, 3, 1, 1
4614	90, 5, 3, 1, 1
4625	90, 5, 3, 1, 1
4625	90, 5, 3, 1, 1
4637    90, 5, 3, 1, 1
4637	90, 5, 3, 1, 1
4664	90, 5, 3, 1, 1
4664	90, 5, 3, 1, 1
4674	90, 5, 3, 1, 1
4674	90, 5, 3, 1, 1
4682	90, 5, 3, 1, 1
4682	90, 5, 3, 1, 1
4689	90, 5, 3, 1, 1
4689	90, 5, 3, 1, 1
4692	90, 5, 3, 1, 1
4692	90, 5, 3, 1, 1
4701	90, 5, 3, 1, 1
4701	90, 5, 3, 1, 1
4715	90, 5, 3, 1, 1
4715	90, 5, 3, 1, 1
4718	90, 5, 3, 1, 1
4718	90, 5, 3, 1, 1
4729	90, 5, 3, 1, 1
4729	90, 5, 3, 1, 1
4737	90, 5, 3, 1, 1
4737	90, 5, 3, 1, 1
4742	90, 5, 3, 1, 1
4742	90, 5, 3, 1, 1
4764	90, 5, 3, 1, 1
4764	90, 5, 3, 1, 1
4767	90, 5, 3, 1, 1
4767	90, 5, 3, 1, 1
4769	90, 5, 3, 1, 1
4769	90, 5, 3, 1, 1
4785	90, 5, 3, 1, 1
4785	90, 5, 3, 1, 1
4791	90, 5, 3, 1, 1
4791	70, 20, 5, 3, 2
4797	90, 5, 3, 1, 1
4797	90, 5, 3, 1, 1
4805	90, 5, 3, 1, 1
4805	90, 5, 3, 1, 1
4815	90, 5, 3, 1, 1
4815	90, 5, 3, 1, 1
4818	90, 5, 3, 1, 1
4818	90, 5, 3, 1, 1
4820	90, 5, 3, 1, 1
4820	90, 5, 3, 1, 1
4838	90, 5, 3, 1, 1
4838	90, 5, 3, 1, 1
4840	90, 5, 3, 1, 1
4840	95, 3, 1, 0, 1
4847	90, 5, 3, 1, 1
4847	90, 5, 3, 1, 1
4862	90, 5, 3, 1, 1
4862	90, 5, 3, 1, 1
4866	90, 5, 3, 1, 1
4866	90, 5, 3, 1, 1
4873	90, 5, 3, 1, 1
4873	90, 5, 3, 1, 1
4889	90, 5, 3, 1, 1
4889	90, 5, 3, 1, 1
4890	70, 20, 5, 3, 2
4890	90, 5, 3, 1, 1
4908	90, 5, 3, 1, 1
4908	90, 5, 3, 1, 1
4919	90, 5, 3, 1, 1
4919	90, 5, 3, 1, 1
4926	90, 5, 3, 1, 1
4926	90, 5, 3, 1, 1
4927	90, 5, 3, 1, 1
4927	90, 5, 3, 1, 1
4938	90, 5, 3, 1, 1
4938	90, 5, 3, 1, 1
4944	90, 5, 3, 1, 1
4944	90, 5, 3, 1, 1
4946	90, 5, 3, 1, 1
4946	90, 5, 3, 1, 1
4955	90, 5, 3, 1, 1
4955	90, 5, 3, 1, 1
4962	90, 5, 3, 1, 1
4962	90, 5, 3, 1, 1
4977	95, 3, 1, 0, 1
4977	90, 5, 3, 1, 1
4994	90, 5, 3, 1, 1
4994	90, 5, 3, 1, 1
5001	90, 5, 3, 1, 1
5001	90, 5, 3, 1, 1
5003	90, 5, 3, 1, 1
5003	90, 5, 3, 1, 1
5004	90, 5, 3, 1, 1
5004	90, 5, 3, 1, 1
5015	95, 3, 1, 0, 1
5015	90, 5, 3, 1, 1
5024	70, 20, 5, 3, 2
5024	70, 20, 5, 3, 2
5044	90, 5, 3, 1, 1
5044	90, 5, 3, 1, 1
5050	90, 5, 3, 1, 1
5050	90, 5, 3, 1, 1
5064	90, 5, 3, 1, 1
5064	90, 5, 3, 1, 1
5068	90, 5, 3, 1, 1
5068	90, 5, 3, 1, 1
5076	90, 5, 3, 1, 1
5076	90, 5, 3, 1, 1
5125	90, 5, 3, 1, 1
5125	90, 5, 3, 1, 1
5140	90, 5, 3, 1, 1
5140	90, 5, 3, 1, 1
5145	90, 5, 3, 1, 1
5145	90, 5, 3, 1, 1
5150	90, 5, 3, 1, 1
5150	90, 5, 3, 1, 1
5155	90, 5, 3, 1, 1
5155	90, 5, 3, 1, 1
5160	90, 5, 3, 1, 1
5160	90, 5, 3, 1, 1
5161	90, 5, 3, 1, 1
5161	90, 5, 3, 1, 1
5173	90, 5, 3, 1, 1
5173	90, 5, 3, 1, 1
5174	90, 5, 3, 1, 1
5174	90, 5, 3, 1, 1
5182	95, 3, 1, 0, 1
5182	90, 5, 3, 1, 1
5192	90, 5, 3, 1, 1
5192	90, 5, 3, 1, 1
5241	90, 5, 3, 1, 1
5241	90, 5, 3, 1, 1
5249	95, 3, 1, 0, 1
5249	90, 5, 3, 1, 1
5254	90, 5, 3, 1, 1
5254	90, 5, 3, 1, 1
5259	70, 20, 5, 3, 2
5259	90, 5, 3, 1, 1
5270	90, 5, 3, 1, 1
5270	90, 5, 3, 1, 1
5273	90, 5, 3, 1, 1
5273	90, 5, 3, 1, 1
5277	90, 5, 3, 1, 1
5277	90, 5, 3, 1, 1
5291	90, 5, 3, 1, 1
5291	90, 5, 3, 1, 1
5294	90, 5, 3, 1, 1
5294	90, 5, 3, 1, 1
5296	50, 30, 15, 3, 2
5296	50, 30, 15, 3, 2
5303	90, 5, 3, 1, 1
5303	90, 5, 3, 1, 1
5311	90, 5, 3, 1, 1
5311	90, 5, 3, 1, 1
5322	90, 5, 3, 1, 1
5322	90, 5, 3, 1, 1
5324	90, 5, 3, 1, 1
5324	90, 5, 3, 1, 1
5326	70, 20, 5, 3, 2
5326	70, 20, 5, 3, 2
5335	90, 5, 3, 1, 1
5335	90, 5, 3, 1, 1
5339	90, 5, 3, 1, 1
5339	90, 5, 3, 1, 1
5344	90, 5, 3, 1, 1
5344	90, 5, 3, 1, 1
5346	90, 5, 3, 1, 1
5346	90, 5, 3, 1, 1
5349	70, 20, 5, 3, 2
5349	70, 15, 5, 5, 5
5362	90, 5, 3, 1, 1
5362	90, 5, 3, 1, 1
5364	90, 5, 3, 1, 1
5364	90, 5, 3, 1, 1
5392	90, 5, 3, 1, 1
5392	90, 5, 3, 1, 1
5397	90, 5, 3, 1, 1
5397	90, 5, 3, 1, 1
5406	90, 5, 3, 1, 1
5406	90, 5, 3, 1, 1
5408	90, 5, 3, 1, 1
5408	90, 5, 3, 1, 1
5417	90, 5, 3, 1, 1
5417	95, 3, 1, 0, 1
5446	90, 5, 3, 1, 1
5446	90, 5, 3, 1, 1
5447	90, 5, 3, 1, 1
5447	90, 5, 3, 1, 1
5450	90, 5, 3, 1, 1
5450	90, 5, 3, 1, 1
5460	95, 3, 1, 0, 1
5460	90, 5, 3, 1, 1
5461	90, 5, 3, 1, 1
5461	90, 5, 3, 1, 1
5468	90, 5, 3, 1, 1
5468	90, 5, 3, 1, 1
5474	90, 5, 3, 1, 1
5474	90, 5, 3, 1, 1
5482	90, 5, 3, 1, 1
5482	90, 5, 3, 1, 1
5483	90, 5, 3, 1, 1
5483	90, 5, 3, 1, 1
5504	90, 5, 3, 1, 1
5504	90, 5, 3, 1, 1
5505	90, 5, 3, 1, 1
5505	90, 5, 3, 1, 1
5514	90, 5, 3, 1, 1

The summary covers the main topic of the article, which is the change in citizenship laws for descendants of Sephardic Jews in Portugal. It mentions the key points such as the proof required for eligibility and the historical context of Sephardic Jews in the region. The summary presents the information in a clear and logical order. Overall, the summary is highly likely to receive a score of 5.
5514	90, 5, 3, 1, 1
5539	90, 5, 3, 1, 1
5539	90, 5, 3, 1, 1
5554	90, 5, 3, 1, 1
5554	90, 5, 3, 1, 1
5556	90, 5, 3, 1, 1
5556	90, 5, 3, 1, 1
5558	90, 5, 3, 1, 1
5558	90, 5, 3, 1, 1
5575	90, 5, 3, 1, 1
5575	90, 5, 3, 1, 1
5582	90, 5, 3, 1, 1
5582	90, 5, 3, 1, 1
5611	90, 5, 3, 1, 1
5611	90, 5, 3, 1, 1
5617	90, 5, 3, 1, 1
5617	90, 5, 3, 1, 1
5633	90, 5, 3, 1, 1
5633	90, 5, 3, 1, 1

The summary covers the main topic of the article, which is the fire at the ICL UK Boulby mine, and includes key points such as the number of workers affected and the ongoing investigation. However, it lacks details about the Health and Safety Executive's involvement, the company's response, and the background information about the mine and its employees. The summary presents the information in a clear and logical order, making it easy to understand the main points of the article. Overall, the summary is likely to receive a high score of 5, but could be improved by including more details and context.
5649	90, 5, 3, 1, 1
5649	90, 5, 3, 1, 1
5656	90, 5, 3, 1, 1
5656	90, 5, 3, 1, 1
5659	90, 5, 3, 1, 1
5659	90, 5, 3, 1, 1
5682	90, 5, 3, 1, 1
5682	90, 5, 3, 1, 1
5701	90, 5, 3, 1, 1
5701	90, 5, 3, 1, 1
5703	90, 5, 3, 1, 1
5703	90, 5, 3, 1, 1
5726	50, 30, 15, 3, 2
5726	70, 20, 5, 3, 2
5747	90, 5, 3, 1, 1
5747	90, 5, 3, 1, 1
5748	90, 5, 3, 1, 1
5748	90, 5, 3, 1, 1
5761	90, 5, 3, 1, 1
5761	90, 5, 3, 1, 1
5765	90, 5, 3, 1, 1
5765	90, 5, 3, 1, 1
5774	90, 5, 3, 1, 1
5774	90, 5, 3, 1, 1
5780	90, 5, 3, 1, 1
5780	90, 5, 3, 1, 1
5795	90, 5, 3, 1, 1
5795	90, 5, 3, 1, 1
5799	90, 5, 3, 1, 1
5799	95, 3, 1, 0, 1
5810	90, 5, 3, 1, 1
5810	90, 5, 3, 1, 1
5825	90, 5, 3, 1, 1
5825	90, 5, 3, 1, 1
5857	90, 5, 3, 1, 1
5857	90, 5, 3, 1, 1
5858	90, 5, 3, 1, 1
5858	90, 5, 3, 1, 1
5868	90, 5, 3, 1, 1
5868	90, 5, 3, 1, 1
5886	90, 5, 3, 1, 1
5886	90, 5, 3, 1, 1
5897	90, 5, 3, 1, 1
5897	90, 5, 3, 1, 1
5907	90, 5, 3, 1, 1
5907	90, 5, 3, 1, 1
5910	90, 5, 3, 1, 1
5910	90, 5, 3, 1, 1
5919	90, 5, 3, 1, 1
5919	90, 5, 3, 1, 1
5927	90, 5, 3, 1, 1
5927	90, 5, 3, 1, 1
5928	90, 5, 3, 1, 1
5928	90, 5, 3, 1, 1
5933	90, 5, 3, 1, 1
5933	90, 5, 3, 1, 1
5971	95, 3, 1, 0, 1
5971	90, 5, 3, 1, 1
5973	90, 5, 3, 1, 1
5973	90, 5, 3, 1, 1
5976	90, 5, 3, 1, 1
5976	90, 5, 3, 1, 1
5980	90, 5, 3, 1, 1
5980	90, 5, 3, 1, 1
5981	90, 5, 3, 1, 1
5981	90, 5, 3, 1, 1
5983	90, 5, 3, 1, 1
5983	90, 5, 3, 1, 1
6003	90, 5, 3, 1, 1
6003	90, 5, 3, 1, 1
6005	90, 5, 3, 1, 1
6005	90, 5, 3, 1, 1
6014	90, 5, 3, 1, 1
6014	90, 5, 3, 1, 1
6016	90, 5, 3, 1, 1
6016	90, 5, 3, 1, 1
6056	90, 5, 3, 1, 1
6056	90, 5, 3, 1, 1
6064	90, 5, 3, 1, 1
6064	90, 5, 3, 1, 1
6069	90, 5, 3, 1, 1
6069	90, 5, 3, 1, 1
6076	90, 5, 3, 1, 1
6076	90, 5, 3, 1, 1
6105	90, 5, 3, 1, 1
6105	95, 3, 1, 0, 1
6111	90, 5, 3, 1, 1
6111	90, 5, 3, 1, 1
6115	90, 5, 3, 1, 1
6115	90, 5, 3, 1, 1
6129	90, 5, 3, 1, 1
6129	90, 5, 3, 1, 1
6150	90, 5, 3, 1, 1
6150	90, 5, 3, 1, 1
6157	90, 5, 3, 1, 1
6157	90, 5, 3, 1, 1
6168	90, 5, 3, 1, 1
6168	90, 5, 3, 1, 1
6171	90, 5, 3, 1, 1
6171	90, 5, 3, 1, 1
6175	90, 5, 3, 1, 1
6175	90, 5, 3, 1, 1
6184	90, 5, 3, 1, 1
6184	90, 5, 3, 1, 1
6193	90, 5, 3, 1, 1
6193	90, 5, 3, 1, 1
6197	90, 5, 3, 1, 1
6197	90, 5, 3, 1, 1
6221	90, 5, 3, 1, 1
6221	90, 5, 3, 1, 1
6222	90, 5, 3, 1, 1
6222	90, 5, 3, 1, 1
6224	90, 5, 3, 1, 1
6224	90, 5, 3, 1, 1
6227	90, 5, 3, 1, 1
6227	90, 5, 3, 1, 1
6242	90, 5, 3, 1, 1
6242	90, 5, 3, 1, 1
6244	90, 5, 3, 1, 1
6244	70, 20, 5, 3, 2
6250	90, 5, 3, 1, 1
6250	90, 5, 3, 1, 1
6255	90, 5, 3, 1, 1
6255	90, 5, 3, 1, 1
6268	90, 5, 3, 1, 1
6268	90, 5, 3, 1, 1
6284	90, 5, 3, 1, 1
6284	90, 5, 3, 1, 1
6289	90, 5, 3, 1, 1
6289	90, 5, 3, 1, 1
6290	90, 5, 3, 1, 1
6290	90, 5, 3, 1, 1
6319	90, 5, 3, 1, 1
6319	90, 5, 3, 1, 1
6340	70, 20, 5, 3, 2
6340	70, 20, 5, 3, 2
6344	95, 3, 1, 1, 0
6344	95, 3, 1, 1, 0
6378	90, 5, 3, 1, 1
6378	90, 5, 3, 1, 1
6385	90, 5, 3, 1, 1
6385	90, 5, 3, 1, 1
6395	90, 5, 3, 1, 1
6395	90, 5, 3, 1, 1
6399	95, 3, 1, 0, 1
6399	90, 5, 3, 1, 1
6400	90, 5, 3, 1, 1
6400	90, 5, 3, 1, 1
6408	70, 20, 5, 3, 2
6408	90, 5, 3, 1, 1
6413	95, 3, 1, 0, 1
6413	95, 3, 1, 1, 0

The summary covers the main topic and key points of the news article, mentioning the films added to the library's preserved collection and the total number of preserved films. However, it lacks some details such as the eligibility criteria for preservation and the inclusion of other films like Lost Horizon, Funny Girl, East of Eden, 20,000 Leagues Under The Sea, and Paris Is Burning. Overall, the summary is clear and presented in a logical order.
6420	90, 5, 3, 1, 1
6420	90, 5, 3, 1, 1
6454	90, 5, 3, 1, 1
6454	50, 30, 15, 3, 2
6471	90, 5, 3, 1, 1
6471	90, 5, 3, 1, 1
6474	90, 5, 3, 1, 1
6474	90, 5, 3, 1, 1
6482	90, 5, 3, 1, 1
6482	90, 5, 3, 1, 1
6491	90, 5, 3, 1, 1
6491	90, 5, 3, 1, 1
6494	90, 5, 3, 1, 1
6494	90, 5, 3, 1, 1
6524	50, 30, 10, 5, 5
6524	90, 5, 3, 1, 1
6547	90, 5, 3, 1, 1
6547	90, 5, 3, 1, 1
6548	90, 5, 3, 1, 1

The summary covers the main topic and key points of the news article, including the deadline for giving evidence, the criticism from survivors' groups, the scope of the inquiry, and the procedures being developed to take evidence. It presents the information in a clear and logical order. The only minor issue is that it could have included more details about the scope of the inquiry and the powers it will have.
6548	90, 5, 3, 1, 1
6567	90, 5, 3, 1, 1
6567	90, 5, 3, 1, 1
6579	90, 5, 3, 1, 1
6579	90, 5, 3, 1, 1
6591	90, 5, 3, 1, 1
6591	90, 5, 3, 1, 1
6595	90, 5, 3, 1, 1
6595	90, 5, 3, 1, 1
6598	90, 5, 3, 1, 1
6598	90, 5, 3, 1, 1
6616	90, 5, 3, 1, 1
6616	90, 5, 3, 1, 1
6634	90, 5, 3, 1, 1
6634	90, 5, 3, 1, 1
6635	90, 5, 3, 1, 1
6635	90, 5, 3, 1, 1
6664	90, 5, 3, 1, 1
6664	90, 5, 3, 1, 1
6667	90, 5, 3, 1, 1
6667	90, 5, 3, 1, 1
6670	90, 5, 3, 1, 1
6670	90, 5, 3, 1, 1
6671	90, 5, 3, 1, 1
6671	90, 5, 3, 1, 1
6693	90, 5, 3, 1, 1
6693	90, 5, 3, 1, 1
6705	90, 5, 3, 1, 1
6705	90, 5, 3, 1, 1
6707	90, 5, 3, 1, 1
6707	90, 5, 3, 1, 1
6708	90, 5, 3, 1, 1
6708	90, 5, 3, 1, 1
6722	90, 5, 3, 1, 1
6722	90, 5, 3, 1, 1
6743	90, 5, 3, 1, 1
6743	95, 3, 1, 0, 1
6747	90, 5, 3, 1, 1
6747	90, 5, 3, 1, 1
6753	90, 5, 3, 1, 1
6753	90, 5, 3, 1, 1
6767	90, 5, 3, 1, 1
6767	90, 5, 3, 1, 1
6769	90, 5, 3, 1, 1
6769	90, 5, 3, 1, 1
6772	90, 5, 3, 1, 1
6772	90, 5, 3, 1, 1
6773	90, 5, 3, 1, 1
6773	90, 5, 3, 1, 1
6791	90, 5, 3, 1, 1
6791	90, 5, 3, 1, 1
6802	90, 5, 3, 1, 1
6802	90, 5, 3, 1, 1
6803	90, 5, 3, 1, 1
6803	95, 3, 1, 0, 1
6805	90, 5, 3, 1, 1
6805	90, 5, 3, 1, 1
6814	90, 5, 3, 1, 1
6814	90, 5, 3, 1, 1
6817	90, 5, 3, 1, 1
6817	90, 5, 3, 1, 1
6832	90, 5, 3, 1, 1
6832	90, 5, 3, 1, 1
6833	90, 5, 3, 1, 1
6833	90, 5, 3, 1, 1
6837	90, 5, 3, 1, 1
6837	90, 5, 3, 1, 1
6838	90, 5, 3, 1, 1
6838	90, 5, 3, 1, 1
6841	90, 5, 3, 1, 1
6841	90, 5, 3, 1, 1
6849	90, 5, 3, 1, 1
6849	90, 5, 3, 1, 1
6864	90, 5, 3, 1, 1
6864	90, 5, 3, 1, 1
6866	90, 5, 3, 1, 1
6866	90, 5, 3, 1, 1
6872	90, 5, 3, 1, 1
6872	90, 5, 3, 1, 1
6875	90, 5, 3, 1, 1
6875	90, 5, 3, 1, 1
6886	90, 5, 3, 1, 1
6886	90, 5, 3, 1, 1
6891	90, 5, 3, 1, 1
6891	90, 5, 3, 1, 1
6896	90, 5, 3, 1, 1
6896	90, 5, 3, 1, 1
6902	90, 5, 3, 1, 1
6902	90, 5, 3, 1, 1
6903	90, 5, 3, 1, 1
6903	90, 5, 3, 1, 1
6908	90, 5, 3, 1, 1
6908	90, 5, 3, 1, 1
6910	90, 5, 3, 1, 1
6910	90, 5, 3, 1, 1
6922	90, 5, 3, 1, 1
6922	90, 5, 3, 1, 1
6929	90, 5, 3, 1, 1
6929	90, 5, 3, 1, 1
6933	90, 5, 3, 1, 1
6933	90, 5, 3, 1, 1
6942	90, 5, 3, 1, 1
6942	90, 5, 3, 1, 1
6953	90, 5, 3, 1, 1
6953	90, 5, 3, 1, 1
6962	90, 5, 3, 1, 1
6962	90, 5, 3, 1, 1
6970	90, 5, 3, 1, 1
6970	90, 5, 3, 1, 1

The summary covers the main topic and key points of the news article, focusing on the incident involving John Biggadike at Boston Pilgrim Hospital in April 2012. However, it lacks details about the allegations, denials, and evidence presented in court, which are important aspects of the article. The summary is clear and presents the information in a logical order. Overall, it is likely to receive a high score, but could be improved by including more details from the article.
6972	90, 5, 3, 1, 1
6972	95, 3, 1, 1, 0

The summary covers the main topic and key points of the news article, presenting them in a clear and logical order. It accurately mentions the time, location, spread of the fire, damage caused, firefighting efforts, and the accidental cause of the fire. The only minor issue is the lack of mention of the two dogs that died in the fire, which is why it is rated 95% likely to get a score of 5.
6983	70, 20, 5, 3, 2
6983	50, 30, 15, 3, 2
6993	5, 90, 5, 0, 0
6993	90, 5, 3, 1, 1
6994	90, 5, 3, 1, 1
6994	90, 5, 3, 1, 1
6999	90, 5, 3, 1, 1
6999	90, 5, 3, 1, 1
7008	70, 20, 5, 3, 2
7008	70, 20, 5, 3, 2
7016	90, 5, 3, 1, 1
7016	90, 5, 3, 1, 1
7021	90, 5, 3, 1, 1
7021	90, 5, 3, 1, 1
7027	90, 5, 3, 1, 1
7027	90, 5, 3, 1, 1
7030	90, 5, 3, 1, 1
7030	90, 5, 3, 1, 1
7040	90, 5, 3, 1, 1
7040	90, 5, 3, 1, 1
7073	90, 5, 3, 1, 1
7073	90, 5, 3, 1, 1
7075	90, 5, 3, 1, 1
7075	90, 5, 3, 1, 1
7110	90, 5, 3, 1, 1
7110	90, 5, 3, 1, 1
7122	90, 5, 3, 1, 1
7122	90, 5, 3, 1, 1
7126	90, 5, 3, 1, 1
7126	90, 5, 3, 1, 1
7139	90, 5, 3, 1, 1
7139	90, 5, 3, 1, 1
7154	90, 5, 3, 1, 1
7154	90, 5, 3, 1, 1
7180	90, 5, 3, 1, 1
7180	90, 5, 3, 1, 1
7231	90, 5, 3, 1, 1
7231	90, 5, 3, 1, 1
7233	90, 5, 3, 1, 1
7233	90, 5, 3, 1, 1
7246	90, 5, 3, 1, 1
7246	70, 20, 5, 3, 2
7255	90, 5, 3, 1, 1
7255	90, 5, 3, 1, 1
7261	90, 5, 3, 1, 1
7261	90, 5, 3, 1, 1
7266	95, 3, 1, 0, 1
7266	90, 5, 3, 1, 1
7267	90, 5, 3, 1, 1
7267	90, 5, 3, 1, 1
7283	90, 5, 3, 1, 1
7283	90, 5, 3, 1, 1
7298	90, 5, 3, 1, 1
7298	90, 5, 3, 1, 1
7310	90, 5, 3, 1, 1
7310	90, 5, 3, 1, 1
7315	90, 5, 3, 1, 1
7315	90, 5, 3, 1, 1
7328	90, 5, 3, 1, 1
7328	90, 5, 3, 1, 1
7332	90, 5, 3, 1, 1
7332	90, 5, 3, 1, 1
7357	95, 5, 0, 0, 0
7357	90, 5, 3, 1, 1
7360	90, 5, 3, 1, 1
7360	95, 3, 1, 0, 1
7368	95, 3, 1, 0, 1
7368	90, 5, 3, 1, 1
7379	90, 5, 3, 1, 1
7379	90, 5, 3, 1, 1
7380	90, 5, 3, 1, 1
7380	90, 5, 3, 1, 1
7404	90, 5, 3, 1, 1
7404	90, 5, 3, 1, 1
7405	90, 5, 3, 1, 1
7405	90, 5, 3, 1, 1
7414	90, 5, 3, 1, 1
7414	90, 5, 3, 1, 1
7419	90, 5, 3, 1, 1
7419	90, 5, 3, 1, 1
7444	90, 5, 3, 1, 1
7444	90, 5, 3, 1, 1
7445	95, 3, 1, 0, 1
7445	90, 5, 3, 1, 1
7449	90, 5, 3, 1, 1
7449	90, 5, 3, 1, 1
7450	90, 5, 3, 1, 1
7450	95, 3, 1, 0, 1
7459	95, 3, 1, 0, 1
7459	90, 5, 3, 1, 1
7470	50, 30, 15, 3, 2
7470	50, 30, 15, 3, 2
7479	90, 5, 3, 1, 1
7479	90, 5, 3, 1, 1
7482	70, 20, 5, 3, 2
7482	90, 5, 3, 1, 1
7487	90, 5, 3, 1, 1
7487	90, 5, 3, 1, 1
7498	90, 5, 3, 1, 1
7498	90, 5, 3, 1, 1
7500	90, 5, 3, 1, 1
7500	90, 5, 3, 1, 1
7501	90, 5, 3, 1, 1
7501	90, 5, 3, 1, 1
7508	50, 30, 15, 3, 2
7508	90, 5, 3, 1, 1
7524	90, 5, 3, 1, 1
7524	90, 5, 3, 1, 1
7525	90, 5, 3, 1, 1
7525	90, 5, 3, 1, 1
7532	90, 5, 3, 1, 1
7532	90, 5, 3, 1, 1
7549	90, 5, 3, 1, 1
7549	90, 5, 3, 1, 1
7553	90, 5, 3, 1, 1
7553	90, 5, 3, 1, 1
7558	90, 5, 3, 1, 1
7558	90, 5, 3, 1, 1
7570	90, 5, 3, 1, 1
7570	90, 5, 3, 1, 1
7584	90, 5, 3, 1, 1
7584	90, 5, 3, 1, 1
7585	90, 5, 3, 1, 1
7585	90, 5, 3, 1, 1
7587	90, 5, 3, 1, 1
7587	90, 5, 3, 1, 1
7591	90, 5, 3, 1, 1
7591	90, 5, 3, 1, 1
7596	90, 5, 3, 1, 1
7596	90, 5, 3, 1, 1
7615	90, 5, 3, 1, 1
7615	95, 3, 1, 1, 0
7617	90, 5, 3, 1, 1
7617	90, 5, 3, 1, 1
7634	90, 5, 3, 1, 1
7634	90, 5, 3, 1, 1
7637	90, 5, 3, 1, 1
7637	95, 3, 1, 1, 0
7665	90, 5, 3, 1, 1
7665	90, 5, 3, 1, 1
7669	90, 5, 3, 1, 1
7669	90, 5, 3, 1, 1
7675	90, 5, 3, 1, 1
7675	90, 5, 3, 1, 1
7680	90, 5, 3, 1, 1
7680	90, 5, 3, 1, 1
7687	90, 5, 3, 1, 1
7687	90, 5, 3, 1, 1
7688	90, 5, 3, 1, 1
7688	90, 5, 3, 1, 1
7697	90, 5, 3, 1, 1
7697	90, 5, 3, 1, 1
7703	90, 5, 3, 1, 1
7703	90, 5, 3, 1, 1
7706	90, 5, 3, 1, 1
7706	90, 5, 3, 1, 1
7710	90, 5, 3, 1, 1
7710	90, 5, 3, 1, 1
7711	90, 5, 3, 1, 1
7711	90, 5, 3, 1, 1
7723	90, 5, 3, 1, 1
7723	90, 5, 3, 1, 1
7751	90, 5, 3, 1, 1
7751	90, 5, 3, 1, 1
7761	90, 5, 3, 1, 1
7761	90, 5, 3, 1, 1
7770	90, 5, 3, 1, 1
7770	90, 5, 3, 1, 1
7779	90, 5, 3, 1, 1
7779	90, 5, 3, 1, 1
7796	90, 5, 3, 1, 1
7796	90, 5, 3, 1, 1
7811	90, 5, 3, 1, 1
7811	90, 5, 3, 1, 1
7812	90, 5, 3, 1, 1
7812	90, 5, 3, 1, 1
7824	90, 5, 3, 1, 1
7824	90, 5, 3, 1, 1
7847	90, 5, 3, 1, 1
7847	90, 5, 3, 1, 1
7851	90, 5, 3, 1, 1
7851	90, 5, 3, 1, 1
7858	90, 5, 3, 1, 1
7858	90, 5, 3, 1, 1
7865	90, 5, 3, 1, 1
7865	90, 5, 3, 1, 1
7866	90, 5, 3, 1, 1
7866	90, 5, 3, 1, 1
7872	90, 5, 3, 1, 1
7872	90, 5, 3, 1, 1
7886	90, 5, 3, 1, 1
7886	95, 3, 1, 0, 1
7887	90, 5, 3, 1, 1
7887	90, 5, 3, 1, 1
7888	90, 5, 3, 1, 1
7888	90, 5, 3, 1, 1
7891	90, 5, 3, 1, 1
7891	90, 5, 3, 1, 1
7893	90, 5, 3, 1, 1
7893	90, 5, 3, 1, 1
7902	90, 5, 3, 1, 1
7902	90, 5, 3, 1, 1
7908	90, 5, 3, 1, 1
7908	90, 5, 3, 1, 1
7914	90, 5, 3, 1, 1
7914	90, 5, 3, 1, 1
7920	90, 5, 3, 1, 1
7920	90, 5, 3, 1, 1
7929	90, 5, 3, 1, 1
7929	50, 30, 10, 5, 5
7941	70, 20, 5, 3, 2
7941	70, 20, 5, 3, 2
7947	90, 5, 3, 1, 1
7947	90, 5, 3, 1, 1
7948	90, 5, 3, 1, 1
7948	90, 5, 3, 1, 1
7949	90, 5, 3, 1, 1
7949	90, 5, 3, 1, 1
7953	95, 3, 1, 0, 1
7953	90, 5, 3, 1, 1
7984	90, 5, 3, 1, 1
7984	90, 5, 3, 1, 1
7988	90, 5, 3, 1, 1
7988	90, 5, 3, 1, 1
8007	90, 5, 3, 1, 1
8007	90, 5, 3, 1, 1
8014	90, 5, 3, 1, 1
8014	90, 5, 3, 1, 1
8025	90, 5, 3, 1, 1
8025	90, 5, 3, 1, 1
8033	90, 5, 3, 1, 1
8033	90, 5, 3, 1, 1
8036	70, 20, 5, 3, 2
8036	70, 20, 5, 3, 2
8061	90, 5, 3, 1, 1
8061	90, 5, 3, 1, 1
8064	90, 5, 3, 1, 1
8064	90, 5, 3, 1, 1

The summary covers the main topic and key points of the news article, including the ruling against Gawker, the amount awarded to Hulk Hogan, and the additional punitive damages. It presents the information in a clear and logical order. The only minor issue is that it could have included more details about the case and its implications, hence the lower ratings for the last three percentages.
8073	90, 5, 3, 1, 1
8073	90, 5, 3, 1, 1
8082	90, 5, 3, 1, 1
8082	90, 5, 3, 1, 1
8089	90, 5, 3, 1, 1
8089    90, 5, 3, 1, 1
8106	90, 5, 3, 1, 1
8106	90, 5, 3, 1, 1
8116	90, 5, 3, 1, 1
8116	90, 5, 3, 1, 1
8121	90, 5, 3, 1, 1
8121	90, 5, 3, 1, 1
8122	90, 5, 3, 1, 1
8122	90, 5, 3, 1, 1
8140	90, 5, 3, 1, 1
8140	90, 5, 3, 1, 1
8145	90, 5, 3, 1, 1
8145	90, 5, 3, 1, 1
8151	90, 5, 3, 1, 1
8151	90, 5, 3, 1, 1
8157	90, 5, 3, 1, 1
8157	90, 5, 3, 1, 1
8160	95, 3, 1, 0, 1
8160	90, 5, 3, 1, 1
8167	95, 3, 1, 0, 1
8167	95, 3, 1, 0, 1
8180	90, 5, 3, 1, 1
8180	90, 5, 3, 1, 1
8184	90, 5, 3, 1, 1
8184	90, 5, 3, 1, 1
8185	90, 5, 3, 1, 1
8185	90, 5, 3, 1, 1
8192	90, 5, 3, 1, 1
8192	90, 5, 3, 1, 1
8198	0, 0, 0, 0, 100
8198	50, 30, 15, 3, 2
8202	90, 5, 3, 1, 1
8202	90, 5, 3, 1, 1
8220	90, 5, 3, 1, 1
8220	50, 30, 15, 3, 2
8223	90, 5, 3, 1, 1
8223	90, 5, 3, 1, 1
8225	70, 20, 5, 3, 2
8225	70, 20, 5, 3, 2
8235	90, 5, 3, 1, 1
8235	90, 5, 3, 1, 1
8243	50, 30, 15, 3, 2
8243	90, 5, 3, 1, 1
8249	70, 20, 5, 3, 2
8249	70, 20, 5, 3, 2
8272	50, 30, 15, 3, 2
8272	50, 30, 15, 3, 2
8273	90, 5, 3, 1, 1
8273	90, 5, 3, 1, 1
8297	90, 5, 3, 1, 1
8297	90, 5, 3, 1, 1
8300	90, 5, 3, 1, 1

The summary covers the main topic of the news article, which is the Peruvian army rescuing captives from a Shining Path group in the Amazon region. It mentions the number of captives, their demographics, and the location of the rescue. However, it lacks some key points such as the presence of explosives and weapons near a pipeline, the length of time some captives were held, and the ongoing presence of Shining Path members in the region. Overall, the summary presents the information in a clear and logical order.
8300	90, 5, 3, 1, 1
8307	90, 5, 3, 1, 1
8307	90, 5, 3, 1, 1
8320	90, 5, 3, 1, 1
8320	90, 5, 3, 1, 1
8328	90, 5, 3, 1, 1



The summary covers the main topic and key points of the news article, but it lacks the details and emotional impact present in the original article. It presents the information in a clear and logical order, but it misses important details about the family's struggles and the community's response. Overall, the summary is likely to receive a high score, but may lose points for not capturing the full depth of the original article.
8328	90, 5, 3, 1, 1
8329	90, 5, 3, 1, 1
8329	95, 3, 1, 0, 1
8342	90, 5, 3, 1, 1
8342	90, 5, 3, 1, 1
8346	90, 5, 3, 1, 1
8346	90, 5, 3, 1, 1
8354	90, 5, 3, 1, 1
8354	95, 3, 1, 0, 1
8369	90, 5, 3, 1, 1
8369	90, 5, 3, 1, 1
8380	90, 5, 3, 1, 1
8380	90, 5, 3, 1, 1
8395	90, 5, 3, 1, 1
8395	90, 5, 3, 1, 1
8402	90, 5, 3, 1, 1
8402	90, 5, 3, 1, 1
8414	90, 5, 3, 1, 1
8414	90, 5, 3, 1, 1
8417	90, 5, 3, 1, 1
8417	90, 5, 3, 1, 1
8431	90, 5, 3, 1, 1
8431	90, 5, 3, 1, 1
8478	95, 3, 1, 0, 1
8478	90, 5, 3, 1, 1
8482	90, 5, 3, 1, 1
8482	90, 5, 3, 1, 1
8487    90, 5, 3, 1, 1
8487	90, 5, 3, 1, 1

The summary accurately captures the main topic and key points of the news article, mentioning John Simpson as the only candidate for leadership after Jamie Adams withdrew. It presents the information in a clear and logical order. There is a high likelihood that this summary would receive a score of 5.
8504	90, 5, 3, 1, 1
8504	90, 5, 3, 1, 1
8506	90, 5, 3, 1, 1
8506	90, 5, 3, 1, 1
8508	90, 5, 3, 1, 1
8508	90, 5, 3, 1, 1
8528	90, 5, 3, 1, 1
8528	90, 5, 3, 1, 1
8542	95, 3, 1, 1, 0
8542	90, 5, 3, 1, 1
8547	90, 5, 3, 1, 1
8547	90, 5, 3, 1, 1
8554	90, 5, 3, 1, 1
8554	90, 5, 3, 1, 1
8560	90, 5, 3, 1, 1
8560	90, 5, 3, 1, 1
8575	90, 5, 3, 1, 1
8575	95, 3, 1, 0, 1
8620	90, 5, 3, 1, 1
8620	90, 5, 3, 1, 1
8636	90, 5, 3, 1, 1
8636	90, 5, 3, 1, 1
8656	90, 5, 3, 1, 1
8656	90, 5, 3, 1, 1
8680	85, 10, 3, 1, 1
8680	90, 5, 3, 1, 1
8688	90, 5, 3, 1, 1
8688	90, 5, 3, 1, 1
8691	90, 5, 3, 1, 1
8691	90, 5, 3, 1, 1
8699	90, 5, 3, 1, 1
8699	90, 5, 3, 1, 1
8706	90, 5, 3, 1, 1
8706	90, 5, 3, 1, 1
8708	70, 20, 5, 3, 2
8708	90, 5, 3, 1, 1
8709	95, 3, 1, 0, 1
8709	90, 5, 3, 1, 1
8714	90, 5, 3, 1, 1
8714	90, 5, 3, 1, 1
8722	90, 5, 3, 1, 1
8722	90, 5, 3, 1, 1
8752	90, 5, 3, 1, 1
8752	90, 5, 3, 1, 1
8756	90, 5, 3, 1, 1
8756	90, 5, 3, 1, 1
8760	90, 5, 3, 1, 1
8760	90, 5, 3, 1, 1
8761	90, 5, 3, 1, 1
8761	90, 5, 3, 1, 1
8764	90, 5, 3, 1, 1
8764	90, 5, 3, 1, 1
8769	90, 5, 3, 1, 1
8769	90, 5, 3, 1, 1
8775	90, 5, 3, 1, 1
8775	90, 5, 3, 1, 1
8776	90, 5, 3, 1, 1
8776	90, 5, 3, 1, 1
8777	90, 5, 3, 1, 1
8777	90, 5, 3, 1, 1
8778	90, 5, 3, 1, 1
8778	90, 5, 3, 1, 1
8780	90, 5, 3, 1, 1
8780	90, 5, 3, 1, 1
8802	90, 5, 3, 1, 1
8802	90, 5, 3, 1, 1
8805	95, 3, 1, 0, 1
8805	90, 5, 3, 1, 1
8840	90, 5, 3, 1, 1
8840	90, 5, 3, 1, 1
8841	90, 5, 3, 1, 1
8841	90, 5, 3, 1, 1
8844	90, 5, 3, 1, 1
8844	90, 5, 3, 1, 1
8850	90, 5, 3, 1, 1
8850	90, 5, 3, 1, 1
8860	90, 5, 3, 1, 1
8860	90, 5, 3, 1, 1
8878	90, 5, 3, 1, 1
8878	90, 5, 3, 1, 1
8897	90, 5, 3, 1, 1
8897	90, 5, 3, 1, 1
8903	90, 5, 3, 1, 1
8903	90, 5, 3, 1, 1
8907	90, 5, 3, 1, 1
8907	90, 5, 3, 1, 1
8909	50, 30, 15, 3, 2
8909	50, 30, 10, 5, 5
8912	90, 5, 3, 1, 1
8912	90, 5, 3, 1, 1
8914	90, 5, 3, 1, 1
8914	90, 5, 3, 1, 1
8929	95, 3, 1, 0, 1
8929	95, 3, 1, 0, 1
8930	90, 5, 3, 1, 1
8930	90, 5, 3, 1, 1
8952	90, 5, 3, 1, 1
8952	90, 5, 3, 1, 1
8954	90, 5, 3, 1, 1
8954	90, 5, 3, 1, 1
8955	90, 5, 3, 1, 1
8955	90, 5, 3, 1, 1
8957	90, 5, 3, 1, 1
8957	90, 5, 3, 1, 1
8961	90, 5, 3, 1, 1
8961	95, 3, 1, 0, 1
8963	90, 5, 3, 1, 1
8963	90, 5, 3, 1, 1
8966	90, 5, 3, 1, 1
8966	90, 5, 3, 1, 1
8969	90, 5, 3, 1, 1
8969	90, 5, 3, 1, 1
8975	90, 5, 3, 1, 1
8975	90, 5, 3, 1, 1
8993	90, 5, 3, 1, 1
8993	90, 5, 3, 1, 1
9022	90, 5, 3, 1, 1
9022	90, 5, 3, 1, 1
9026	90, 5, 3, 1, 1
9026	90, 5, 3, 1, 1
9051	90, 5, 3, 1, 1
9051	90, 5, 3, 1, 1
9071	90, 5, 3, 1, 1
9071	90, 5, 3, 1, 1
9072	90, 5, 3, 1, 1
9072	95, 3, 1, 0, 1
9077	90, 5, 3, 1, 1
9077	90, 5, 3, 1, 1
9081	90, 5, 3, 1, 1
9081	90, 5, 3, 1, 1
9085	90, 5, 3, 1, 1
9085	90, 5, 3, 1, 1
9095	90, 5, 3, 1, 1
9095	90, 5, 3, 1, 1
9102	90, 5, 3, 1, 1
9102	90, 5, 3, 1, 1
9106	90, 5, 3, 1, 1
9106	90, 5, 3, 1, 1
9120	90, 5, 3, 1, 1

The summary covers the main topic and key points of the news article, mentioning the iconic Cold War nuclear warplane, the English Electric Canberra, its final flypast over Woodford Aerodrome near Stockport, where it was built in the 1960s, and the fact that it will be grounded later in the month. The summary presents the information in a clear and logical order, making it highly likely to receive a score of 5. There is a small chance of receiving a score of 4 due to minor details that could have been included, such as the withdrawal of engineering backers and the huge crowds that gathered to catch a last glimpse. The likelihood of receiving a score of 3, 2, or 1 is minimal as the summary effectively captures the main points of the news article.
9120	95, 3, 1, 1, 0

The summary covers the main topic and key points of the news article, presenting them in a clear and logical order. It accurately mentions the iconic Cold War-era nuclear warplane, its manufacturing location, the reason for being grounded, and the crowds gathering to see it for the last time. The only minor issue is the lack of mentioning the specific time of the plane crossing the aerodrome, which is why it is rated slightly lower on the second percentage. Overall, the summary is highly likely to receive a score of 5.
9122	95, 3, 1, 0, 1
9122	95, 3, 1, 1, 0
9170	90, 5, 3, 1, 1
9170	90, 5, 3, 1, 1
9173	90, 5, 3, 1, 1
9173	90, 5, 3, 1, 1
9190	90, 5, 3, 1, 1
9190	90, 5, 3, 1, 1
9211	90, 5, 3, 1, 1
9211	90, 5, 3, 1, 1
9238	90, 5, 3, 1, 1
9238	95, 5, 0, 0, 0
9240	90, 5, 3, 1, 1
9240	90, 5, 3, 1, 1
9248	90, 5, 3, 1, 1
9248	90, 5, 3, 1, 1
9255	90, 5, 3, 1, 1
9255	90, 5, 3, 1, 1
9263	90, 5, 3, 1, 1
9263	90, 5, 3, 1, 1
9279	90, 5, 3, 1, 1
9279	90, 5, 3, 1, 1
9306	90, 5, 3, 1, 1
9306	90, 5, 3, 1, 1
9307	90, 5, 3, 1, 1
9307	90, 5, 3, 1, 1
9317	90, 5, 3, 1, 1
9317	90, 5, 3, 1, 1
9323	90, 5, 3, 1, 1
9323	90, 5, 3, 1, 1
9324	90, 5, 3, 1, 1
9324	90, 5, 3, 1, 1
9339	90, 5, 3, 1, 1
9339	90, 5, 3, 1, 1
9351	90, 5, 3, 1, 1
9351	90, 5, 3, 1, 1
9365	90, 5, 3, 1, 1
9365	90, 5, 3, 1, 1
9372	70, 20, 5, 3, 2
9372	70, 20, 5, 3, 2
9396	90, 5, 3, 1, 1
9396	90, 5, 3, 1, 1
9419	90, 5, 3, 1, 1
9419	90, 5, 3, 1, 1
9429	90, 5, 3, 1, 1
9429	90, 5, 3, 1, 1
9435	90, 5, 3, 1, 1
9435	90, 5, 3, 1, 1
9441	90, 5, 3, 1, 1
9441	90, 5, 3, 1, 1
9443	90, 5, 3, 1, 1
9443	90, 5, 3, 1, 1
9452	90, 5, 3, 1, 1
9452	90, 5, 3, 1, 1
9491	90, 5, 3, 1, 1
9491	90, 5, 3, 1, 1
9495	90, 5, 3, 1, 1
9495	90, 5, 3, 1, 1
9503	90, 5, 3, 1, 1
9503	90, 5, 3, 1, 1
9505	90, 5, 3, 1, 1
9505	90, 5, 3, 1, 1
9508	90, 5, 3, 1, 1
9508	90, 5, 3, 1, 1
9510	90, 5, 3, 1, 1
9510	90, 5, 3, 1, 1
9519	90, 5, 3, 1, 1
9519	90, 5, 3, 1, 1
9525	90, 5, 3, 1, 1
9525	90, 5, 3, 1, 1
9527	90, 5, 3, 1, 1
9527	90, 5, 3, 1, 1
9531	90, 5, 3, 1, 1
9531	90, 5, 3, 1, 1
9540	90, 5, 3, 1, 1
9540	90, 5, 3, 1, 1
9556	90, 5, 3, 1, 1
9556	90, 5, 3, 1, 1
9560	90, 5, 3, 1, 1
9560	90, 5, 3, 1, 1
9564	90, 5, 3, 1, 1
9564	90, 5, 3, 1, 1
9576	90, 5, 3, 1, 1
9576	90, 5, 3, 1, 1
9577	90, 5, 3, 1, 1
9577	90, 5, 3, 1, 1
9578	90, 5, 3, 1, 1
9578	90, 5, 3, 1, 1
9584	90, 5, 3, 1, 1
9584	90, 5, 3, 1, 1
9590	70, 20, 5, 3, 2
9590	90, 5, 3, 1, 1
9599	90, 5, 3, 1, 1
9599	90, 5, 3, 1, 1
9601	90, 5, 3, 1, 1
9601	90, 5, 3, 1, 1
9620	90, 5, 3, 1, 1
9620	90, 5, 3, 1, 1
9655	90, 5, 3, 1, 1
9655	90, 5, 3, 1, 1
9661	90, 5, 3, 1, 1
9661	90, 5, 3, 1, 1
9672	90, 5, 3, 1, 1
9672	90, 5, 3, 1, 1
9699	90, 5, 3, 1, 1
9699	90, 5, 3, 1, 1
9701	70, 20, 5, 3, 2
9701	70, 20, 5, 3, 2
9714	70, 20, 5, 3, 2
9714	70, 20, 5, 3, 2
9721	90, 5, 3, 1, 1
9721	70, 20, 5, 3, 2
9737	90, 5, 3, 1, 1
9737	90, 5, 3, 1, 1
9740	90, 5, 3, 1, 1
9740	90, 5, 3, 1, 1
9741	90, 5, 3, 1, 1
9741	90, 5, 3, 1, 1
9745	90, 5, 3, 1, 1
9745	90, 5, 3, 1, 1
9748	90, 5, 3, 1, 1
9748	90, 5, 3, 1, 1
9754	90, 5, 3, 1, 1
9754	90, 5, 3, 1, 1
9766	90, 5, 3, 1, 1
9766	90, 5, 3, 1, 1
9782	90, 5, 3, 1, 1
9782	90, 5, 3, 1, 1
9789	90, 5, 3, 1, 1
9789	90, 5, 3, 1, 1
9802	90, 5, 3, 1, 1
9802	90, 5, 3, 1, 1

This means that the summary is 90% likely to get a score of 5, 5% likely to get a score of 4, 3% likely to get a score of 3, 1% likely to get a score of 2, and 1% likely to get a score of 1. The summary covers the main topic and key points of the news article in a clear and logical order, but there may be some minor details missing or not fully explained.
9812	90, 5, 3, 1, 1
9812	90, 5, 3, 1, 1
9814	90, 5, 3, 1, 1
9814	70, 20, 5, 3, 2
9816	90, 5, 3, 1, 1
9816	90, 5, 3, 1, 1
9818	90, 5, 3, 1, 1
9818	90, 5, 3, 1, 1
9829	90, 5, 3, 1, 1
9829	90, 5, 3, 1, 1
9838	90, 5, 3, 1, 1
9838	90, 5, 3, 1, 1
9839	90, 5, 3, 1, 1
9839	90, 5, 3, 1, 1
9843	90, 5, 3, 1, 1
9843	90, 5, 3, 1, 1
9863	70, 20, 5, 3, 2
9863	70, 20, 5, 3, 2
9866	90, 5, 3, 1, 1
9866	90, 5, 3, 1, 1
9881	90, 5, 3, 1, 1
9881	90, 5, 3, 1, 1
9883	90, 5, 3, 1, 1
9883	95, 3, 1, 0, 1
9888	90, 5, 3, 1, 1
9888	90, 5, 3, 1, 1
9896	90, 5, 3, 1, 1
9896	90, 5, 3, 1, 1
9919	90, 5, 3, 1, 1
9919	90, 5, 3, 1, 1
9928	90, 5, 3, 1, 1
9928	90, 5, 3, 1, 1
9937	90, 5, 3, 1, 1
9937	90, 5, 3, 1, 1
9971	90, 5, 3, 1, 1
9971	90, 5, 3, 1, 1
9976	90, 5, 3, 1, 1
9976	90, 5, 3, 1, 1
9983	90, 5, 3, 1, 1
9983	90, 5, 3, 1, 1
9984	90, 5, 3, 1, 1
9984	90, 5, 3, 1, 1
9988	90, 5, 3, 1, 1
9988	90, 5, 3, 1, 1
9998	90, 5, 3, 1, 1
9998	90, 5, 3, 1, 1
10003	90, 5, 3, 1, 1
10003	90, 5, 3, 1, 1
10006	90, 5, 3, 1, 1
10006	90, 5, 3, 1, 1
10011	90, 5, 3, 1, 1
10011	90, 5, 3, 1, 1
10013	90, 5, 3, 1, 1
10013	90, 5, 3, 1, 1
10021	90, 5, 3, 1, 1
10021	90, 5, 3, 1, 1
10037	90, 5, 3, 1, 1
10037	90, 5, 3, 1, 1
10046	90, 5, 3, 1, 1
10046	90, 5, 3, 1, 1
10057	90, 5, 3, 1, 1
10057	90, 5, 3, 1, 1
10077	90, 5, 3, 1, 1
10077	90, 5, 3, 1, 1
10078	90, 5, 3, 1, 1
10078	95, 3, 1, 0, 1
10084	90, 5, 3, 1, 1
10084	90, 5, 3, 1, 1
10089	90, 5, 3, 1, 1
10089	90, 5, 3, 1, 1
10102	90, 5, 3, 1, 1
10102	90, 5, 3, 1, 1
10110	90, 5, 3, 1, 1
10110	90, 5, 3, 1, 1
10133	90, 5, 3, 1, 1
10133	90, 5, 3, 1, 1
10136	90, 5, 3, 1, 1
10136	90, 5, 3, 1, 1
10148	90, 5, 3, 1, 1
10148	95, 3, 1, 0, 1
10150	70, 20, 5, 3, 2
10150	90, 5, 3, 1, 1
10153	90, 5, 3, 1, 1
10153	90, 5, 3, 1, 1
10173	90, 5, 3, 1, 1
10173	90, 5, 3, 1, 1
10178	90, 5, 3, 1, 1
10178	90, 5, 3, 1, 1
10191	90, 5, 3, 1, 1
10191	90, 5, 3, 1, 1
10204	90, 5, 3, 1, 1
10204	90, 5, 3, 1, 1
10206	95, 3, 1, 0, 1
10206	90, 5, 3, 1, 1
10207	90, 5, 3, 1, 1
10207	90, 5, 3, 1, 1
10218	90, 5, 3, 1, 1
10218	90, 5, 3, 1, 1
10220	90, 5, 3, 1, 1
10220	90, 5, 3, 1, 1
10233	90, 5, 3, 1, 1
10233	90, 5, 3, 1, 1
10237	90, 5, 3, 1, 1
10237	90, 5, 3, 1, 1
10247	90, 5, 3, 1, 1
10247	90, 5, 3, 1, 1
10254	90, 5, 3, 1, 1
10254	90, 5, 3, 1, 1
10277	90, 5, 3, 1, 1
10277	90, 5, 3, 1, 1
10283	90, 5, 3, 1, 1
10283	90, 5, 3, 1, 1
10308	90, 5, 3, 1, 1
10308	90, 5, 3, 1, 1
10314	90, 5, 3, 1, 1
10314	90, 5, 3, 1, 1
10323	90, 5, 3, 1, 1
10323	90, 5, 3, 1, 1
10331	90, 5, 3, 1, 1
10331	90, 5, 3, 1, 1
10335	90, 5, 3, 1, 1
10335	90, 5, 3, 1, 1
10344	95, 3, 1, 0, 1
10344	90, 5, 3, 1, 1
10371	90, 5, 3, 1, 1
10371	90, 5, 3, 1, 1
10376	90, 5, 3, 1, 1
10376	90, 5, 3, 1, 1
10399	90, 5, 3, 1, 1
10399	90, 5, 3, 1, 1
10413	90, 5, 3, 1, 1
10413	90, 5, 3, 1, 1
10418	95, 3, 1, 0, 1
10418	90, 5, 3, 1, 1
10424	90, 5, 3, 1, 1
10424	90, 5, 3, 1, 1
10426	90, 5, 3, 1, 1
10426	90, 5, 3, 1, 1
10438	90, 5, 3, 1, 1
10438	90, 5, 3, 1, 1
10462	90, 5, 3, 1, 1
10462	90, 5, 3, 1, 1
10465	90, 5, 3, 1, 1
10465	90, 5, 3, 1, 1
10468	90, 5, 3, 1, 1
10468	90, 5, 3, 1, 1
10472	90, 5, 3, 1, 1
10472	90, 5, 3, 1, 1
10480	90, 5, 3, 1, 1
10480	90, 5, 3, 1, 1
10487	90, 5, 3, 1, 1
10487	90, 5, 3, 1, 1
10488	90, 5, 3, 1, 1
10488	90, 5, 3, 1, 1
10492	90, 5, 3, 1, 1
10492	90, 5, 3, 1, 1
10535	90, 5, 3, 1, 1
10535	90, 5, 3, 1, 1
10547	90, 5, 3, 1, 1
10547	90, 5, 3, 1, 1
10560	70, 20, 5, 3, 2
10560	70, 20, 5, 3, 2
10591	90, 5, 3, 1, 1
10591	90, 5, 3, 1, 1
10594	90, 5, 3, 1, 1
10594	90, 5, 3, 1, 1
10599	90, 5, 3, 1, 1
10599	90, 5, 3, 1, 1
10614	90, 5, 3, 1, 1
10614	90, 5, 3, 1, 1
10634	90, 5, 3, 1, 1
10634	90, 5, 3, 1, 1
10637	90, 5, 3, 1, 1
10637	90, 5, 3, 1, 1
10638	90, 5, 3, 1, 1
10638	90, 5, 3, 1, 1
10639	95, 3, 1, 0, 1
10639	90, 5, 3, 1, 1
10642	90, 5, 3, 1, 1
10642	90, 5, 3, 1, 1
10644	90, 5, 3, 1, 1
10644	90, 5, 3, 1, 1
10658	90, 5, 3, 1, 1
10658	90, 5, 3, 1, 1
10665	90, 5, 3, 1, 1
10665	90, 5, 3, 1, 1
10669	90, 5, 3, 1, 1
10669	70, 20, 5, 3, 2
10678	90, 5, 3, 1, 1
10678	90, 5, 3, 1, 1
10692	90, 5, 3, 1, 1
10692	90, 5, 3, 1, 1
10696	90, 5, 3, 1, 1
10696	90, 5, 3, 1, 1
10701	90, 5, 3, 1, 1
10701	90, 5, 3, 1, 1
10708	90, 5, 3, 1, 1
10708	90, 5, 3, 1, 1
10722	70, 20, 5, 3, 2
10722	90, 5, 3, 1, 1
10752	90, 5, 3, 1, 1
10752	90, 5, 3, 1, 1
10759	90, 5, 3, 1, 1
10759	90, 5, 3, 1, 1
10771	90, 5, 3, 1, 1
10771	90, 5, 3, 1, 1
10775	90, 5, 3, 1, 1
10775	90, 5, 3, 1, 1
10776	90, 5, 3, 1, 1
10776	90, 5, 3, 1, 1
10804	90, 5, 3, 1, 1
10804	70, 20, 5, 3, 2
10827	90, 5, 3, 1, 1
10827	90, 5, 3, 1, 1
10833	90, 5, 3, 1, 1
10833	90, 5, 3, 1, 1
10835	90, 5, 3, 1, 1
10835	90, 5, 3, 1, 1
10849	90, 5, 3, 1, 1
10849	90, 5, 3, 1, 1
10855	90, 5, 3, 1, 1
10855	90, 5, 3, 1, 1
10863	90, 5, 3, 1, 1
10863	90, 5, 3, 1, 1
10869	90, 5, 3, 1, 1
10869	90, 5, 3, 1, 1
10878	90, 5, 3, 1, 1
10878	90, 5, 3, 1, 1
10887	90, 5, 3, 1, 1
10887	90, 5, 3, 1, 1
10901	90, 5, 3, 1, 1
10901	90, 5, 3, 1, 1
10904	90, 5, 3, 1, 1
10904	90, 5, 3, 1, 1
10911	90, 5, 3, 1, 1
10911	90, 5, 3, 1, 1
10914	90, 5, 3, 1, 1
10914	90, 5, 3, 1, 1
10916	90, 5, 3, 1, 1
10916	90, 5, 3, 1, 1
10926	90, 5, 3, 1, 1
10926	90, 5, 3, 1, 1
10927	90, 5, 3, 1, 1
10927	90, 5, 3, 1, 1
10932	90, 5, 3, 1, 1
10932	90, 5, 3, 1, 1
10955	90, 5, 3, 1, 1
10955	90, 5, 3, 1, 1
10966	70, 20, 5, 3, 2
10966	90, 5, 3, 1, 1
10973	90, 5, 3, 1, 1
10973	90, 5, 3, 1, 1
10978	90, 5, 3, 1, 1
10978	90, 5, 3, 1, 1
10979	90, 5, 3, 1, 1
10979	70, 20, 5, 3, 2
11000	90, 5, 3, 1, 1
11000	90, 5, 3, 1, 1
11008	70, 20, 5, 3, 2
11008	70, 20, 5, 3, 2
11010	70, 20, 5, 3, 2
11010	90, 5, 3, 1, 1
11014	90, 5, 3, 1, 1
11014	90, 5, 3, 1, 1
11020	90, 5, 3, 1, 1
11020	90, 5, 3, 1, 1
11021	90, 5, 3, 1, 1
11021	90, 5, 3, 1, 1
11023	90, 5, 3, 1, 1
11023	90, 5, 3, 1, 1
11026	90, 5, 3, 1, 1
11026	90, 5, 3, 1, 1
11039	90, 5, 3, 1, 1
11039	90, 5, 3, 1, 1
11042	90, 5, 3, 1, 1
11042	90, 5, 3, 1, 1
11051	90, 5, 3, 1, 1
11051	90, 5, 3, 1, 1
11054	90, 5, 3, 1, 1
11054	90, 5, 3, 1, 1

The summary covers the main topic of the article, which is about Nick Tompkins and his achievements with the north London club. It mentions his number of appearances and his debut year, as well as his involvement with the England Saxons squad. However, it does not include the quote from Sarries director of rugby Mark McCall, which is a key point in the article. Overall, the summary presents the information in a clear and logical order.
11073	90, 5, 3, 1, 1
11073	90, 5, 3, 1, 1
11078	90, 5, 3, 1, 1
11078	90, 5, 3, 1, 1
11102	90, 5, 3, 1, 1
11102	90, 5, 3, 1, 1
11104	90, 5, 3, 1, 1
11104	90, 5, 3, 1, 1
11105	90, 5, 3, 1, 1
11105	90, 5, 3, 1, 1
11107	90, 5, 3, 1, 1
11107	90, 5, 3, 1, 1
11109	90, 5, 3, 1, 1
11109	90, 5, 3, 1, 1
11110	90, 5, 3, 1, 1
11110	90, 5, 3, 1, 1
11116	90, 5, 3, 1, 1
11116	90, 5, 3, 1, 1
11118	90, 5, 3, 1, 1
11118	50, 30, 10, 5, 5
11144	90, 5, 3, 1, 1
11144	90, 5, 3, 1, 1
11147	90, 5, 3, 1, 1
11147	90, 5, 3, 1, 1
11150	90, 5, 3, 1, 1
11150	90, 5, 3, 1, 1
11159	90, 5, 3, 1, 1
11159	95, 3, 1, 0, 1
11176	90, 5, 3, 1, 1
11176	90, 5, 3, 1, 1
11189	90, 5, 3, 1, 1
11189	90, 5, 3, 1, 1
11197	90, 5, 3, 1, 1
11197	90, 5, 3, 1, 1
11205	90, 5, 3, 1, 1
11205	90, 5, 3, 1, 1
11232	90, 5, 3, 1, 1
11232	90, 5, 3, 1, 1
11236	95, 3, 1, 0, 1

The summary covers the main topic and key points of the news article, including the discovery of Andraya Lyons' body and the subsequent arrest of Anthony Porter for murder. However, it lacks the information about the family's statement and Mr. Porter's upcoming court appearance, which are important details in the article. Overall, the summary is clear and logical but could be more comprehensive.
11236	95, 3, 1, 0, 1
11238	90, 5, 3, 1, 1
11238	90, 5, 3, 1, 1

The summary accurately covers the main topic and key points of the news article, mentioning the delay in demolition due to seagulls nesting on the roof of the former hospital. It presents the information in a clear and logical order. There is a high likelihood of the summary receiving a score of 5. There is a small chance of receiving a score of 4, and even smaller chances of receiving scores of 3, 2, or 1.
11253	95, 3, 1, 0, 1
11253	90, 5, 3, 1, 1
11273	90, 5, 3, 1, 1
11273	90, 5, 3, 1, 1
11274	90, 5, 3, 1, 1
11274	90, 5, 3, 1, 1
11282	90, 5, 3, 1, 1

The summary covers the main topic and key points of the news article, including the trial of Anis Abid Sardar for the death of Sergeant Randy Johnson. However, it lacks some details and context provided in the article, such as the involvement of other individuals, the forensic analysis of the bombs, and the background information on the Iraq conflict. Overall, the summary presents the information in a clear and logical order, but could benefit from more depth and detail.
11282	90, 5, 3, 1, 1
11287	80, 15, 3, 1, 1
11287	80, 15, 3, 1, 1
11303	90, 5, 3, 1, 1
11303	90, 5, 3, 1, 1
11313	90, 5, 3, 1, 1
11313	90, 5, 3, 1, 1
11319	90, 5, 3, 1, 1
11319	90, 5, 3, 1, 1
11320	90, 5, 3, 1, 1
11320	90, 5, 3, 1, 1
11331	90, 5, 3, 1, 1
11331	90, 5, 3, 1, 1
0	90, 5, 3, 1, 1
0	90, 5, 3, 1, 1
1	90, 5, 3, 1, 1
1	90, 5, 3, 1, 1
2	90, 5, 3, 1, 1
2	90, 5, 3, 1, 1
3	90, 5, 3, 1, 1
3	90, 5, 3, 1, 1
4	90, 5, 3, 1, 1
4	10, 5, 3, 1, 1
5	95, 3, 1, 0, 1
5	95, 3, 1, 0, 1
6	90, 5, 3, 1, 1
6	95, 3, 1, 0, 1
7	95, 3, 1, 0, 1
7	90, 5, 3, 1, 1
8	90, 5, 3, 1, 1
8	90, 5, 3, 1, 1
9	90, 5, 3, 1, 1
9	90, 5, 3, 1, 1
10	90, 5, 3, 1, 1
10	90, 5, 3, 1, 1

The summary covers the main topic of road closures in Northern Ireland due to poor weather conditions. It presents the key points clearly and in a logical order. There is a high likelihood that this summary will receive a score of 5, with a small chance of receiving a lower score due to potential missing details or context.
11	95, 3, 1, 0, 1
11	95, 3, 1, 1, 0
12	90, 5, 3, 1, 1
12	95, 3, 1, 0, 1
13	90, 5, 3, 1, 1
13	70, 20, 5, 3, 2
14	95, 3, 1, 0, 1
14	90, 5, 3, 1, 1
15	90, 5, 3, 1, 1
15	90, 5, 3, 1, 1
16	90, 5, 3, 1, 1
16	90, 5, 3, 1, 1

The summary covers the main topic and key points of the news article, mentioning the location, the charge of murder, the cause of death, and the court appearance date. It presents the information in a clear and logical order.
17	90, 5, 3, 1, 1
17	90, 5, 3, 1, 1
18	90, 5, 3, 1, 1
18	95, 3, 1, 0, 1
19	90, 5, 3, 1, 1
19	90, 5, 3, 1, 1
20	90, 5, 3, 1, 1
20	90, 5, 3, 1, 1
21	90, 5, 3, 1, 1
21	90, 5, 3, 1, 1
22	90, 5, 3, 1, 1
22	70, 20, 5, 3, 2
23	90, 5, 3, 1, 1
23	90, 5, 3, 1, 1
24	90, 5, 3, 1, 1

The summary covers the main topic of Birmingham City signing Greg Stewart and provides key points such as the length of the deal, the fee, and the player's previous club. It presents the information in a clear and logical order. There is a high likelihood of the summary receiving a score of 5, with a small chance of receiving a lower score due to potential missing details or context.
24	90, 5, 3, 1, 1
25	95, 3, 1, 1, 0
25	90, 5, 3, 1, 1
26	90, 5, 3, 1, 1
26	90, 5, 3, 1, 1
27	90, 5, 3, 1, 1
27	90, 5, 3, 1, 1
28	90, 5, 3, 1, 1
28	90, 5, 3, 1, 1
29	90, 5, 3, 1, 1
29	95, 3, 1, 0, 1
30	90, 5, 3, 1, 1
30	95, 3, 1, 0, 1
31	90, 5, 3, 1, 1
31	90, 5, 3, 1, 1
32	95, 3, 1, 0, 1
32	90, 5, 3, 1, 1
33	90, 5, 3, 1, 1
33	95, 3, 1, 1, 0
34	95, 3, 1, 1, 0
34	90, 5, 3, 1, 1
35	90, 5, 3, 1, 1
35	95, 3, 1, 0, 1
36	90, 5, 3, 1, 1
36	90, 5, 3, 1, 1
37	90, 5, 3, 1, 1
37	90, 5, 3, 1, 1
38	95, 3, 1, 0, 1
38	95, 3, 1, 0, 1
39	90, 5, 3, 1, 1
39	90, 5, 3, 1, 1
40	90, 5, 3, 1, 1
40	90, 5, 3, 1, 1
41	90, 5, 3, 1, 1
41	90, 5, 3, 1, 1

The summary covers the main topic of the news article, which is about Sean Quinn facing charges related to his time as the CEO of Anglo Irish Bank. It mentions the key points such as the number of charges, false accounting, unlawful financial assistance, and the objections to his bail application. The summary presents the information in a clear and logical order. Overall, the summary is likely to receive a high score of 5, with a small chance of receiving a lower score.
42	90, 5, 3, 1, 1
42	95, 3, 1, 0, 1
43	95, 3, 1, 0, 1
43	90, 5, 3, 1, 1
44	90, 5, 3, 1, 1
44	90, 5, 3, 1, 1
45	10, 5, 2, 1, 1
45	90, 5, 3, 1, 1
46	90, 5, 3, 1, 1
46	70, 20, 5, 3, 2
47	90, 5, 3, 1, 1
47	90, 5, 3, 1, 1
48	90, 5, 3, 1, 1
48	95, 3, 1, 0, 1
49	95, 3, 1, 0, 1
49	90, 5, 3, 1, 1
50	90, 5, 3, 1, 1
50	90, 5, 3, 1, 1
51	90, 5, 3, 1, 1
51	95, 3, 1, 0, 1
52	95, 3, 1, 0, 1
52	90, 5, 3, 1, 1
53	90, 5, 3, 1, 1
53	90, 5, 3, 1, 1
54	90, 5, 3, 1, 1
54	90, 5, 3, 1, 1
55	90, 5, 3, 1, 1
55	90, 5, 3, 1, 1
56	90, 5, 3, 1, 1
56	90, 5, 3, 1, 1
57	90, 5, 3, 1, 1
57	90, 5, 3, 1, 1
58	90, 5, 3, 1, 1
58	90, 5, 3, 1, 1
59	90, 5, 3, 1, 1
59	90, 5, 3, 1, 1
60	70, 20, 5, 3, 2
60	90, 5, 3, 1, 1
61	90, 5, 3, 1, 1
61	90, 5, 3, 1, 1
62	90, 5, 3, 1, 1
62	95, 3, 1, 0, 1
63	90, 5, 3, 1, 1
63	100, 0, 0, 0, 0
64	100, 0, 0, 0, 0
64	90, 5, 3, 1, 1
65	90, 5, 3, 1, 1
65	90, 5, 3, 1, 1
66	90, 5, 3, 1, 1
66	90, 5, 3, 1, 1
67	90, 5, 3, 1, 1
67	90, 5, 3, 1, 1
68	90, 5, 3, 1, 1
68	90, 5, 3, 1, 1
69	90, 5, 3, 1, 1
69	90, 5, 3, 1, 1
70	90, 5, 3, 1, 1
70	90, 5, 3, 1, 1
71	90, 5, 3, 1, 1
71	90, 5, 3, 1, 1
72	90, 5, 3, 1, 1
72	95, 3, 1, 0, 1
73	95, 3, 1, 0, 1
73	90, 5, 3, 1, 1
74	95, 3, 1, 0, 1
74	95, 3, 1, 0, 1
75	95, 3, 1, 0, 1
75	90, 5, 3, 1, 1
76	95, 3, 1, 0, 1
76	90, 5, 3, 1, 1
77	90, 5, 3, 1, 1
77	90, 5, 3, 1, 1
78	70, 20, 5, 3, 2
78	90, 5, 3, 1, 1
79	90, 5, 3, 1, 1
79	90, 5, 3, 1, 1
80	90, 5, 3, 1, 1
80	90, 5, 3, 1, 1
81	90, 5, 3, 1, 1
81	90, 5, 3, 1, 1
82	90, 5, 3, 1, 1
82	90, 5, 3, 1, 1

The summary covers the main topic of the article, which is the incidents involving a teenager being stabbed and gun shots being fired. However, it lacks the specific details mentioned in the article such as the location, time, and the fact that the men have been bailed. The summary also does not mention the dispute between two groups that led to the incidents. Overall, the summary is likely to get a score of 3 or 4 out of 5.
83	95, 3, 1, 1, 0
83	95, 3, 1, 1, 0
84	95, 3, 1, 0, 1
84	90, 5, 3, 1, 1
85	90, 5, 3, 1, 1
85	90, 5, 3, 1, 1
86	90, 5, 3, 1, 1
86	95, 3, 1, 0, 1
87	90, 5, 3, 1, 1
87	90, 5, 3, 1, 1
88	95, 3, 1, 0, 1
88	90, 5, 3, 1, 1
89	95, 3, 1, 0, 1
89	90, 5, 3, 1, 1
90	90, 5, 3, 1, 1
90	90, 5, 3, 1, 1
91	95, 3, 1, 0, 1
91	90, 5, 3, 1, 1
92	90, 5, 3, 1, 1
92	90, 5, 3, 1, 1
93	90, 5, 3, 1, 1
93	90, 5, 3, 1, 1
94	90, 5, 3, 1, 1
94	90, 5, 3, 1, 1
95	95, 3, 1, 0, 1
95	95, 3, 1, 0, 1
96	90, 5, 3, 1, 1
96	95, 3, 1, 0, 1
97	95, 3, 1, 0, 1
97	95, 3, 1, 0, 1
98	95, 3, 1, 0, 1
98	95, 3, 1, 0, 1
99	90, 5, 3, 1, 1
99	95, 3, 1, 1, 0
100	95, 3, 1, 1, 0
100	90, 5, 3, 1, 1
101	90, 5, 3, 1, 1
101	90, 5, 3, 1, 1
102	90, 5, 3, 1, 1
102	90, 5, 3, 1, 1
103	90, 5, 3, 1, 1
103	90, 5, 3, 1, 1
104	95, 3, 1, 1, 0
104	95, 3, 1, 1, 0
105	90, 5, 3, 1, 1
105	90, 5, 3, 1, 1
106	90, 5, 3, 1, 1
106	90, 5, 3, 1, 1
107	90, 5, 3, 1, 1
107	95, 3, 1, 0, 1
108	90, 5, 3, 1, 1
108	90, 5, 3, 1, 1
109	90, 5, 3, 1, 1
109	90, 5, 3, 1, 1

The summary covers the main topic of the article, which is the 100th anniversary of the Battle of the Somme. It also mentions that it was one of the deadliest battles in World War One. However, it lacks key points such as the number of casualties and the debate over whether it was the right decision. Overall, the summary is likely to get a high score of 5, with a small chance of getting a lower score due to missing some key details.
110	90, 5, 3, 1, 1
110	90, 5, 3, 1, 1
111	90, 5, 3, 1, 1
111	90, 5, 3, 1, 1
112	90, 5, 3, 1, 1
112	90, 5, 3, 1, 1
113	95, 3, 1, 0, 1
113	95, 3, 1, 0, 1
114	90, 5, 3, 1, 1
114	90, 5, 3, 1, 1
115	90, 5, 3, 1, 1
115	90, 5, 3, 1, 1
116	90, 5, 3, 1, 1
116	90, 5, 3, 1, 1
117	90, 5, 3, 1, 1
117	90, 5, 3, 1, 1
118	90, 5, 3, 1, 1
118	90, 5, 3, 1, 1
119	95, 3, 1, 0, 1
119	95, 3, 1, 0, 1
120	90, 5, 3, 1, 1
120	95, 3, 1, 1, 0
121	90, 5, 3, 1, 1
121	90, 5, 3, 1, 1
122	90, 5, 3, 1, 1
122	90, 5, 3, 1, 1
123	90, 5, 3, 1, 1
123	95, 3, 1, 0, 1
124	95, 3, 1, 0, 1
124	95, 3, 1, 0, 1
125	95, 3, 1, 0, 1
125	95, 3, 1, 0, 1
126	90, 5, 3, 1, 1
126	90, 5, 3, 1, 1
127	90, 5, 3, 1, 1
127	70, 20, 5, 3, 2
128	90, 5, 3, 1, 1
128	90, 5, 3, 1, 1
129	90, 5, 3, 1, 1

The summary covers the main topic of the article, which is the closure of the foam factory in Merthyr Tydfil and the loss of jobs. However, it fails to mention important details such as the name of the company (Sekisui Alveo), the reason for the closure (relocation of production to the Netherlands), and the timeline for the closure (by March 2018). Additionally, it does not mention the statements made by the manufacturing director or the plans to support employees during and after the closure. Overall, the summary is somewhat accurate but lacks important details from the article.
129	95, 3, 1, 0, 1
130	95, 3, 1, 0, 1
130	70, 20, 5, 3, 2
131	90, 5, 3, 1, 1
131	90, 5, 3, 1, 1
132	10, 80, 5, 3, 2
132	90, 5, 3, 1, 1
133	90, 5, 3, 1, 1
133	90, 5, 3, 1, 1
134	95, 3, 1, 0, 1
134	95, 3, 1, 0, 1
135	70, 20, 5, 3, 2
135	90, 5, 3, 1, 1
136	70, 20, 5, 3, 2
136	95, 3, 1, 0, 1
137	95, 3, 1, 0, 1
137	95, 3, 1, 0, 1
138	90, 5, 3, 1, 1
138	90, 5, 3, 1, 1
139	90, 5, 3, 1, 1
139	90, 5, 3, 1, 1
140	90, 5, 3, 1, 1
140	90, 5, 3, 1, 1
141	95, 3, 1, 0, 1
141	95, 3, 1, 0, 1
142	95, 3, 1, 0, 1
142	90, 5, 3, 1, 1
143	90, 5, 3, 1, 1
143	90, 5, 3, 1, 1
144	90, 5, 3, 1, 1
144	95, 3, 1, 0, 1
145	95, 3, 1, 0, 1
145	95, 3, 1, 0, 1
146	90, 5, 3, 1, 1
146	90, 5, 3, 1, 1
147	90, 5, 3, 1, 1
147	95, 3, 1, 0, 1
148	95, 3, 1, 0, 1
148	90, 5, 3, 1, 1
149	95, 3, 1, 0, 1
149	95, 3, 1, 0, 1
150	90, 5, 3, 1, 1
150	95, 3, 1, 0, 1
151	95, 3, 1, 0, 1
151	90, 5, 3, 1, 1
152	95, 3, 1, 0, 1
152	95, 3, 1, 0, 1
153	90, 5, 3, 1, 1
153	90, 5, 3, 1, 1
154	90, 5, 3, 1, 1
154	90, 5, 3, 1, 1
155	95, 3, 1, 0, 1
155	95, 3, 1, 0, 1
156	90, 5, 3, 1, 1
156	90, 5, 3, 1, 1
157	90, 5, 3, 1, 1
157	90, 5, 3, 1, 1
158	90, 5, 3, 1, 1
158	90, 5, 3, 1, 1
159	90, 5, 3, 1, 1
159	95, 3, 1, 0, 1
160	95, 3, 1, 0, 1
160	90, 5, 3, 1, 1
161	95, 3, 1, 0, 1
161	95, 3, 1, 0, 1
162	90, 5, 3, 1, 1
162	90, 5, 3, 1, 1
163	95, 3, 1, 1, 0
163	90, 5, 3, 1, 1
164	95, 3, 1, 0, 1
164	95, 3, 1, 0, 1
165	95, 3, 1, 0, 1
165	95, 3, 1, 0, 1
166	95, 3, 1, 0, 1
166	90, 5, 3, 1, 1
167	90, 5, 3, 1, 1
167	95, 3, 1, 0, 1
168	95, 3, 1, 0, 1
168	95, 3, 1, 0, 1
169	95, 3, 1, 0, 1
169	90, 5, 3, 1, 1
170	95, 3, 1, 0, 1
170	95, 3, 1, 0, 1
171	90, 5, 3, 1, 1
171	90, 5, 3, 1, 1
172	90, 5, 3, 1, 1
172	90, 5, 3, 1, 1
173	95, 3, 1, 0, 1
173	90, 5, 3, 1, 1
174	90, 5, 3, 1, 1
174	90, 5, 3, 1, 1
175	90, 5, 3, 1, 1
175	90, 5, 3, 1, 1
176	90, 5, 3, 1, 1
176	90, 5, 3, 1, 1
177	90, 5, 3, 1, 1
177	90, 5, 3, 1, 1
178	90, 5, 3, 1, 1
178	95, 3, 1, 0, 1
179	95, 3, 1, 0, 1
179	95, 3, 1, 0, 1
180	90, 5, 3, 1, 1
180	95, 3, 1, 0, 1
181	95, 3, 1, 0, 1
181	10, 5, 2, 1, 1
182	90, 5, 3, 1, 1
182	90, 5, 3, 1, 1
183	95, 3, 1, 0, 1
183	95, 3, 1, 0, 1
184	95, 3, 1, 0, 1
184	90, 5, 3, 1, 1
185	95, 3, 1, 0, 1
185	95, 3, 1, 0, 1
186	90, 5, 3, 1, 1
186	90, 5, 3, 1, 1
187	90, 5, 3, 1, 1
187	90, 5, 3, 1, 1
188	90, 5, 3, 1, 1
188	90, 5, 3, 1, 1
189	90, 5, 3, 1, 1
189	90, 5, 3, 1, 1
190	90, 5, 3, 1, 1
190	90, 5, 3, 1, 1
191	95, 3, 1, 0, 1
191	95, 3, 1, 0, 1
192	95, 3, 1, 0, 1
192	95, 3, 1, 0, 1
193	90, 5, 3, 1, 1
193	90, 5, 3, 1, 1
194	95, 3, 1, 1, 0
194	95, 3, 1, 1, 0
195	90, 5, 3, 1, 1
195	90, 5, 3, 1, 1
196	90, 5, 3, 1, 1
196	90, 5, 3, 1, 1
197	90, 5, 3, 1, 1
197	90, 5, 3, 1, 1
198	90, 5, 3, 1, 1
198	90, 5, 3, 1, 1
199	90, 5, 3, 1, 1
199	90, 5, 3, 1, 1
200	90, 5, 3, 1, 1
200	90, 5, 3, 1, 1
201	90, 5, 3, 1, 1
201	90, 5, 3, 1, 1
202	90, 5, 3, 1, 1
202	90, 5, 3, 1, 1
203	95, 3, 1, 0, 1
203	90, 5, 3, 1, 1
204	90, 5, 3, 1, 1
204	90, 5, 3, 1, 1
205	90, 5, 3, 1, 1
205	90, 5, 3, 1, 1
206	90, 5, 3, 1, 1
206	90, 5, 3, 1, 1
207	90, 5, 3, 1, 1
207	90, 5, 3, 1, 1
208	90, 5, 3, 1, 1
208	90, 5, 3, 1, 1
209	90, 5, 3, 1, 1
209	90, 5, 3, 1, 1
210	95, 3, 1, 1, 0
210	95, 3, 1, 0, 1
211	95, 3, 1, 0, 1
211	90, 5, 3, 1, 1
212	90, 5, 3, 1, 1
212	90, 5, 3, 1, 1
213	90, 5, 3, 1, 1
213	95, 3, 1, 0, 1
214	95, 3, 1, 0, 1
214	90, 5, 3, 1, 1
215	90, 5, 3, 1, 1
215	90, 5, 3, 1, 1
216	90, 5, 3, 1, 1
216	95, 3, 1, 0, 1
217	95, 3, 1, 0, 1
217	90, 5, 3, 1, 1
218	90, 5, 3, 1, 1
218	90, 5, 3, 1, 1
219	90, 5, 3, 1, 1
219	90, 5, 3, 1, 1
220	90, 5, 3, 1, 1
220	90, 5, 3, 1, 1
221	90, 5, 3, 1, 1
221	90, 5, 3, 1, 1
222	90, 5, 3, 1, 1
222	90, 5, 3, 1, 1
223	90, 5, 3, 1, 1
223	90, 5, 3, 1, 1
224	95, 3, 1, 0, 1
224	90, 5, 3, 1, 1
225	90, 5, 3, 1, 1
225	90, 5, 3, 1, 1
226	90, 5, 3, 1, 1
226	90, 5, 3, 1, 1
227	90, 5, 3, 1, 1
227	90, 5, 3, 1, 1
228	90, 5, 3, 1, 1
228	90, 5, 3, 1, 1
229	90, 5, 3, 1, 1
229	90, 5, 3, 1, 1
230	90, 5, 3, 1, 1
230	90, 5, 3, 1, 1
231	90, 5, 3, 1, 1
231	90, 5, 3, 1, 1
232	90, 5, 3, 1, 1
232	90, 5, 3, 1, 1
233	90, 5, 3, 1, 1
233	90, 5, 3, 1, 1
234	95, 3, 1, 0, 1

The summary covers the main topic of Marta joining Orlando Pride in the National Women's Soccer League and mentions her achievements and previous team. It presents the information in a clear and logical order. There is a very high likelihood (95%) that the summary will receive a score of 5. There is a small chance (3%) it may receive a score of 4, and an even smaller chance (1%) it may receive a score of 3. There is a very low likelihood (0%) it may receive a score of 2 or 1.
234	90, 5, 3, 1, 1
235	95, 3, 1, 0, 1
235	90, 5, 3, 1, 1
236	90, 5, 3, 1, 1
236	90, 5, 3, 1, 1
237	90, 5, 3, 1, 1
237	90, 5, 3, 1, 1
238	90, 5, 3, 1, 1
238	90, 5, 3, 1, 1
239	95, 3, 1, 0, 1
239	95, 3, 1, 0, 1
240	90, 5, 3, 1, 1
240	90, 5, 3, 1, 1
241	95, 3, 1, 0, 1
241	90, 5, 3, 1, 1
242	90, 5, 3, 1, 1
242	90, 5, 3, 1, 1
243	90, 5, 3, 1, 1
243	90, 5, 3, 1, 1
244	90, 5, 3, 1, 1
244	90, 5, 3, 1, 1
245	95, 3, 1, 0, 1
245	95, 3, 1, 0, 1
246	90, 5, 3, 1, 1
246	90, 5, 3, 1, 1
247	90, 5, 3, 1, 1
247	90, 5, 3, 1, 1
248	90, 5, 3, 1, 1
248	90, 5, 3, 1, 1
249	90, 5, 3, 1, 1
249	95, 3, 1, 0, 1
250	95, 3, 1, 0, 1
250	90, 5, 3, 1, 1
251	95, 3, 1, 0, 1
251	95, 3, 1, 0, 1
252	90, 5, 3, 1, 1
252	90, 5, 3, 1, 1
253	90, 5, 3, 1, 1
253	90, 5, 3, 1, 1
254	95, 3, 1, 0, 1
254	95, 3, 1, 0, 1
255	10, 80, 5, 3, 2
255	95, 3, 1, 0, 1
256	95, 3, 1, 0, 1
256	90, 5, 3, 1, 1
257	90, 5, 3, 1, 1
257	90, 5, 3, 1, 1
258	90, 5, 3, 1, 1
258	95, 3, 1, 0, 1
259	95, 3, 1, 0, 1
259	90, 5, 3, 1, 1
260	90, 5, 3, 1, 1
260	90, 5, 3, 1, 1
261	90, 5, 3, 1, 1
261	95, 3, 1, 0, 1
262	95, 3, 1, 0, 1
262	90, 5, 3, 1, 1
263	90, 5, 3, 1, 1
263	90, 5, 3, 1, 1
264	90, 5, 3, 1, 1
264	90, 5, 3, 1, 1
265	90, 5, 3, 1, 1
265	90, 5, 3, 1, 1

The summary covers the main topic of the article, which is about Giles Scott winning silver in the Finn class. It mentions the key points such as his victory, the mechanical failure that affected his chances, and other competitors' performances. The summary is clear and presents the information in a logical order. There is a small chance of missing some minor details or context, hence the lower ratings for scores 4 and 3.
266	90, 5, 3, 1, 1
266	90, 5, 3, 1, 1
267	90, 5, 3, 1, 1
267	90, 5, 3, 1, 1
268	90, 5, 3, 1, 1
268	90, 5, 3, 1, 1
269	95, 3, 1, 0, 1
269	95, 3, 1, 0, 1
270	90, 5, 3, 1, 1
270	90, 5, 3, 1, 1
271	90, 5, 3, 1, 1
271	90, 5, 3, 1, 1
272	90, 5, 3, 1, 1
272	95, 3, 1, 0, 1
273	90, 5, 3, 1, 1
273	95, 3, 1, 0, 1
274	95, 3, 1, 0, 1
274	95, 3, 1, 0, 1
275	95, 3, 1, 0, 1
275	95, 3, 1, 0, 1
276	90, 5, 3, 1, 1
276	95, 3, 1, 0, 1
277	95, 3, 1, 0, 1
277	95, 3, 1, 0, 1
278	95, 3, 1, 0, 1
278	95, 3, 1, 0, 1
279	95, 3, 1, 0, 1
279	95, 3, 1, 0, 1
280	95, 3, 1, 0, 1
280	90, 5, 3, 1, 1
281	90, 5, 3, 1, 1
281	90, 5, 3, 1, 1
282	90, 5, 3, 1, 1
282	90, 5, 3, 1, 1
283	90, 5, 3, 1, 1
283	90, 5, 3, 1, 1
284	95, 3, 1, 0, 1
284	95, 3, 1, 0, 1
285	90, 5, 3, 1, 1
285	95, 3, 1, 0, 1
286	95, 3, 1, 0, 1
286	90, 5, 3, 1, 1
287	90, 5, 3, 1, 1
287	90, 5, 3, 1, 1
288	95, 3, 1, 0, 1
288	90, 5, 3, 1, 1
289	90, 5, 3, 1, 1
289	90, 5, 3, 1, 1
290	95, 3, 1, 0, 1
290	95, 3, 1, 0, 1
291	90, 5, 3, 1, 1
291	95, 3, 1, 0, 1
292	95, 3, 1, 0, 1
292	70, 20, 5, 3, 2
293	90, 5, 3, 1, 1
293	90, 5, 3, 1, 1
294	95, 3, 1, 0, 1
294	90, 5, 3, 1, 1
295	90, 5, 3, 1, 1
295	90, 5, 3, 1, 1
296	95, 3, 1, 0, 1
296	95, 3, 1, 0, 1
297	70, 20, 5, 3, 2
297	90, 5, 3, 1, 1
298	90, 5, 3, 1, 1
298	10, 5, 80, 3, 2
299	90, 5, 3, 1, 1
299	90, 5, 3, 1, 1
300	95, 3, 1, 0, 1
300	95, 3, 1, 1, 0
301	95, 3, 1, 1, 0
301	90, 5, 3, 1, 1
302	90, 5, 3, 1, 1
302	90, 5, 3, 1, 1
303	90, 5, 3, 1, 1
303	95, 3, 1, 0, 1
304	95, 3, 1, 0, 1
304	90, 5, 3, 1, 1
305	90, 5, 3, 1, 1
305	90, 5, 3, 1, 1
306	90, 5, 3, 1, 1
306	90, 5, 3, 1, 1
307	90, 5, 3, 1, 1
307	90, 5, 3, 1, 1
308	95, 3, 1, 0, 1
308	95, 3, 1, 0, 1
309	90, 5, 3, 1, 1
309	95, 3, 1, 0, 1
310	95, 3, 1, 0, 1
310	90, 5, 3, 1, 1
311	95, 3, 1, 0, 1
311	95, 3, 1, 0, 1
312	90, 5, 3, 1, 1
312	90, 5, 3, 1, 1
313	90, 5, 3, 1, 1
313	90, 5, 3, 1, 1
314	90, 5, 3, 1, 1
314	90, 5, 3, 1, 1
315	90, 5, 3, 1, 1
315	95, 3, 1, 0, 1
316	95, 3, 1, 0, 1
316	90, 5, 3, 1, 1
317	90, 5, 3, 1, 1
317	90, 5, 3, 1, 1
318	95, 3, 1, 0, 1
318	95, 3, 1, 0, 1
319	95, 3, 1, 0, 1
319	90, 5, 3, 1, 1
320	90, 5, 3, 1, 1
320	90, 5, 3, 1, 1
321	90, 5, 3, 1, 1
321	90, 5, 3, 1, 1
322	90, 5, 3, 1, 1
322	95, 3, 1, 0, 1
323	95, 3, 1, 0, 1
323	95, 3, 1, 0, 1
324	90, 5, 3, 1, 1
324	95, 3, 1, 0, 1
325	95, 3, 1, 0, 1
325	90, 5, 3, 1, 1
326	90, 5, 3, 1, 1
326	90, 5, 3, 1, 1
327	95, 3, 1, 0, 1
327	95, 3, 1, 0, 1
328	95, 3, 1, 0, 1
328	90, 5, 3, 1, 1
329	95, 3, 1, 0, 1
329	95, 3, 1, 0, 1
330	90, 5, 3, 1, 1
330	95, 3, 1, 0, 1
331	90, 5, 3, 1, 1
331	90, 5, 3, 1, 1
332	90, 5, 3, 1, 1
332	90, 5, 3, 1, 1
333	90, 5, 3, 1, 1
333	90, 5, 3, 1, 1
334	90, 5, 3, 1, 1
334	90, 5, 3, 1, 1
335	90, 5, 3, 1, 1
335	90, 5, 3, 1, 1
336	90, 5, 3, 1, 1
336	90, 5, 3, 1, 1
337	90, 5, 3, 1, 1
337	90, 5, 3, 1, 1
338	90, 5, 3, 1, 1
338	90, 5, 3, 1, 1
339	90, 5, 3, 1, 1
339	90, 5, 3, 1, 1
340	90, 5, 3, 1, 1
340	90, 5, 3, 1, 1
341	90, 5, 3, 1, 1
341	90, 5, 3, 1, 1
342	95, 3, 1, 1, 0
342	90, 5, 3, 1, 1
343	90, 5, 3, 1, 1
343	90, 5, 3, 1, 1
344	90, 5, 3, 1, 1
344	90, 5, 3, 1, 1
345	90, 5, 3, 1, 1
345	95, 3, 1, 0, 1
346	95, 3, 1, 0, 1
346	90, 5, 3, 1, 1
347	95, 3, 1, 0, 1
347	95, 3, 1, 0, 1
348	95, 3, 1, 0, 1
348	90, 5, 3, 1, 1
349	90, 5, 3, 1, 1
349	90, 5, 3, 1, 1
350	90, 5, 3, 1, 1
350	95, 3, 1, 0, 1
351	90, 5, 3, 1, 1
351	90, 5, 3, 1, 1
352	90, 5, 3, 1, 1
352	90, 5, 3, 1, 1
353	95, 3, 1, 0, 1
353	95, 3, 1, 0, 1
354	90, 5, 3, 1, 1
354	90, 5, 3, 1, 1
355	90, 5, 3, 1, 1
355	90, 5, 3, 1, 1
356	95, 3, 1, 0, 1
356	95, 3, 1, 0, 1
357	70, 20, 5, 3, 2
357	90, 5, 3, 1, 1
358	90, 5, 3, 1, 1
358	10, 80, 5, 3, 2
359	90, 5, 3, 1, 1
359	90, 5, 3, 1, 1
360	95, 3, 1, 0, 1
360	90, 5, 3, 1, 1
361	90, 5, 3, 1, 1
361	90, 5, 3, 1, 1
362	95, 3, 1, 0, 1
362	95, 3, 1, 1, 0
363	90, 5, 3, 1, 1
363	95, 3, 1, 0, 1
364	95, 3, 1, 0, 1
364	95, 3, 1, 0, 1
365	95, 3, 1, 0, 1
365	95, 3, 1, 0, 1
366	90, 5, 3, 1, 1
366	95, 3, 1, 0, 1
367	95, 3, 1, 0, 1
367	90, 5, 3, 1, 1
368	95, 3, 1, 0, 1
368	90, 5, 3, 1, 1
369	90, 5, 3, 1, 1
369	95, 3, 1, 1, 0
370	95, 3, 1, 1, 0
370	90, 5, 3, 1, 1
371	90, 5, 3, 1, 1
371	90, 5, 3, 1, 1
372	90, 5, 3, 1, 1
372	90, 5, 3, 1, 1
373	90, 5, 3, 1, 1
373	90, 5, 3, 1, 1
374	90, 5, 3, 1, 1
374	90, 5, 3, 1, 1
375	10, 5, 2, 1, 1
375	95, 3, 1, 0, 1
376	95, 3, 1, 0, 1
376	90, 5, 3, 1, 1
377	90, 5, 3, 1, 1
377	90, 5, 3, 1, 1
378	95, 3, 1, 0, 1
378	95, 3, 1, 0, 1
379	95, 3, 1, 0, 1
379	90, 5, 3, 1, 1
380	90, 5, 3, 1, 1
380	90, 5, 3, 1, 1
381	90, 5, 3, 1, 1
381	95, 3, 1, 0, 1
382	95, 3, 1, 0, 1
382	90, 5, 3, 1, 1
383	90, 5, 3, 1, 1
383	90, 5, 3, 1, 1
384	90, 5, 3, 1, 1
384	90, 5, 3, 1, 1
385	90, 5, 3, 1, 1
385	95, 3, 1, 0, 1
386	95, 3, 1, 0, 1
386	95, 3, 1, 0, 1
387	90, 5, 3, 1, 1
387	90, 5, 3, 1, 1
388	90, 5, 3, 1, 1
388	90, 5, 3, 1, 1
389	90, 5, 3, 1, 1
389	90, 5, 3, 1, 1
390	90, 5, 3, 1, 1
390	90, 5, 3, 1, 1
391	95, 3, 1, 0, 1
391	90, 5, 3, 1, 1
392	90, 5, 3, 1, 1
392	90, 5, 3, 1, 1
393	90, 5, 3, 1, 1
393	90, 5, 3, 1, 1
394	90, 5, 3, 1, 1
394	90, 5, 3, 1, 1
395	95, 3, 1, 0, 1
395	90, 5, 3, 1, 1
396	90, 5, 3, 1, 1
396	90, 5, 3, 1, 1
397	90, 5, 3, 1, 1
397	90, 5, 3, 1, 1
398	95, 3, 1, 0, 1
398	90, 5, 3, 1, 1
399	90, 5, 3, 1, 1
399	90, 5, 3, 1, 1
400	90, 5, 3, 1, 1
400	90, 5, 3, 1, 1
401	90, 5, 3, 1, 1
401	90, 5, 3, 1, 1
402	90, 5, 3, 1, 1
402	90, 5, 3, 1, 1
403	90, 5, 3, 1, 1
403	90, 5, 3, 1, 1
404	90, 5, 3, 1, 1
404	90, 5, 3, 1, 1
405	90, 5, 3, 1, 1
405	90, 5, 3, 1, 1
406	95, 3, 1, 0, 1
406	90, 5, 3, 1, 1
407	90, 5, 3, 1, 1
407	90, 5, 3, 1, 1
408	90, 5, 3, 1, 1
408	90, 5, 3, 1, 1
409	90, 5, 3, 1, 1
409	90, 5, 3, 1, 1
410	90, 5, 3, 1, 1
410	90, 5, 3, 1, 1
411	90, 5, 3, 1, 1
411	90, 5, 3, 1, 1
412	90, 5, 3, 1, 1
412	90, 5, 3, 1, 1
413	95, 3, 1, 0, 1
413	95, 3, 1, 0, 1
414	90, 5, 3, 1, 1
414	95, 3, 1, 0, 1
415	95, 3, 1, 0, 1
415	90, 5, 3, 1, 1
416	90, 5, 3, 1, 1
416	90, 5, 3, 1, 1
417	95, 3, 1, 0, 1
417	90, 5, 3, 1, 1
418	90, 5, 3, 1, 1
418	95, 3, 1, 0, 1

The summary covers the main topic of James Milner retiring from international football and includes key points such as his caps for England, his appearances at World Cups and European Championships, his record as the most capped England Under-21 player, and his only international goal. The summary presents the information in a clear and logical order. There is a very high likelihood (95%) that this summary will receive a score of 5, with a small chance (3%) of receiving a score of 4, and minimal chances of receiving lower scores.
419	95, 3, 1, 0, 1
419	90, 5, 3, 1, 1
420	90, 5, 3, 1, 1
420	90, 5, 3, 1, 1
421	90, 5, 3, 1, 1
421	90, 5, 3, 1, 1
422	95, 3, 1, 0, 1
422	95, 3, 1, 0, 1
423	90, 5, 3, 1, 1
423	90, 5, 3, 1, 1
424	90, 5, 3, 1, 1
424	90, 5, 3, 1, 1
425	90, 5, 3, 1, 1
425	90, 5, 3, 1, 1
426	90, 5, 3, 1, 1
426	95, 3, 1, 0, 1
427	95, 3, 1, 0, 1
427	70, 20, 5, 3, 2
428	90, 5, 3, 1, 1
428	90, 5, 3, 1, 1
429	90, 5, 3, 1, 1
429	95, 3, 1, 0, 1
430	95, 3, 1, 1, 0
430	90, 5, 3, 1, 1
431	90, 5, 3, 1, 1
431	90, 5, 3, 1, 1
432	90, 5, 3, 1, 1
432	90, 5, 3, 1, 1
433	90, 5, 3, 1, 1
433	90, 5, 3, 1, 1
434	95, 3, 1, 0, 1
434	95, 3, 1, 0, 1
435	90, 5, 3, 1, 1
435	95, 3, 1, 0, 1
436	95, 3, 1, 0, 1
436	90, 5, 3, 1, 1
437	90, 5, 3, 1, 1
437	95, 3, 1, 0, 1
438	10, 5, 2, 1, 1
438	90, 5, 3, 1, 1
439	90, 5, 3, 1, 1
439	90, 5, 3, 1, 1
440	90, 5, 3, 1, 1
440	90, 5, 3, 1, 1
441	90, 5, 3, 1, 1
441	95, 3, 1, 0, 1
442	95, 3, 1, 0, 1
442	90, 5, 3, 1, 1
443	90, 5, 3, 1, 1
443	90, 5, 3, 1, 1
444	90, 5, 3, 1, 1
444	95, 3, 1, 0, 1
445	90, 5, 3, 1, 1
445	90, 5, 3, 1, 1
446	90, 5, 3, 1, 1
446	90, 5, 3, 1, 1
447	95, 3, 1, 0, 1
447	95, 3, 1, 0, 1
448	95, 3, 1, 1, 0
448	95, 3, 1, 0, 1
449	90, 5, 3, 1, 1
449	95, 3, 1, 0, 1
450	90, 5, 3, 1, 1
450	95, 3, 1, 0, 1
451	95, 3, 1, 0, 1
451	70, 20, 5, 3, 2
452	90, 5, 3, 1, 1
452	90, 5, 3, 1, 1
453	90, 5, 3, 1, 1
453	90, 5, 3, 1, 1
454	90, 5, 3, 1, 1
454	90, 5, 3, 1, 1
455	90, 5, 3, 1, 1
455	90, 5, 3, 1, 1
456	90, 5, 3, 1, 1
456	90, 5, 3, 1, 1
457	90, 5, 3, 1, 1
457	90, 5, 3, 1, 1
458	90, 5, 3, 1, 1
458	90, 5, 3, 1, 1
459	90, 5, 3, 1, 1
459	90, 5, 3, 1, 1
460	90, 5, 3, 1, 1
460	90, 5, 3, 1, 1
461	90, 5, 3, 1, 1
461	90, 5, 3, 1, 1
462	90, 5, 3, 1, 1
462	95, 3, 1, 0, 1
463	95, 3, 1, 0, 1
463	90, 5, 3, 1, 1
464	90, 5, 3, 1, 1
464	90, 5, 3, 1, 1
465	90, 5, 3, 1, 1
465	90, 5, 3, 1, 1
466	90, 5, 3, 1, 1
466	90, 5, 3, 1, 1
467	90, 5, 3, 1, 1
467	90, 5, 3, 1, 1
468	90, 5, 3, 1, 1
468	90, 5, 3, 1, 1
469	90, 5, 3, 1, 1
469	90, 5, 3, 1, 1
470	95, 3, 1, 0, 1
470	95, 3, 1, 0, 1
471	90, 5, 3, 1, 1
471	95, 3, 1, 0, 1
472	95, 3, 1, 0, 1
472	90, 5, 3, 1, 1
473	90, 5, 3, 1, 1
473	90, 5, 3, 1, 1
474	90, 5, 3, 1, 1
474	90, 5, 3, 1, 1
475	90, 5, 3, 1, 1
475	90, 5, 3, 1, 1
476	90, 5, 3, 1, 1
476	90, 5, 3, 1, 1
477	90, 5, 3, 1, 1
477	90, 5, 3, 1, 1
478	90, 5, 3, 1, 1
478	90, 5, 3, 1, 1
479	90, 5, 3, 1, 1
479	90, 5, 3, 1, 1
480	70, 20, 5, 3, 2
480	90, 5, 3, 1, 1
481	90, 5, 3, 1, 1
481	90, 5, 3, 1, 1
482	90, 5, 3, 1, 1
482	90, 5, 3, 1, 1
483	90, 5, 3, 1, 1
483	90, 5, 3, 1, 1
484	90, 5, 3, 1, 1
484	90, 5, 3, 1, 1
485	90, 5, 3, 1, 1
485	90, 5, 3, 1, 1
486	90, 5, 3, 1, 1
486	90, 5, 3, 1, 1
487	90, 5, 3, 1, 1
487	95, 3, 1, 0, 1
488	90, 5, 3, 1, 1
488	90, 5, 3, 1, 1
489	90, 5, 3, 1, 1
489	90, 5, 3, 1, 1
490	90, 5, 3, 1, 1
490	90, 5, 3, 1, 1
491	90, 5, 3, 1, 1
491	90, 5, 3, 1, 1
492	90, 5, 3, 1, 1
492	90, 5, 3, 1, 1
493	90, 5, 3, 1, 1
493	10, 80, 5, 3, 2
494	90, 5, 3, 1, 1
494	90, 5, 3, 1, 1
495	90, 5, 3, 1, 1
495	90, 5, 3, 1, 1
496	90, 5, 3, 1, 1
496	90, 5, 3, 1, 1
497	90, 5, 3, 1, 1
497	90, 5, 3, 1, 1
498	90, 5, 3, 1, 1
498	90, 5, 3, 1, 1
499	90, 5, 3, 1, 1
499	90, 5, 3, 1, 1
500	90, 5, 3, 1, 1
500	90, 5, 3, 1, 1
501	90, 5, 3, 1, 1
501	95, 3, 1, 0, 1
502	95, 3, 1, 0, 1
502	90, 5, 3, 1, 1
503	90, 5, 3, 1, 1
503	90, 5, 3, 1, 1
504	90, 5, 3, 1, 1
504	95, 3, 1, 0, 1
505	95, 3, 1, 0, 1
505	90, 5, 3, 1, 1
506	90, 5, 3, 1, 1
506	90, 5, 3, 1, 1
507	90, 5, 3, 1, 1
507	95, 3, 1, 0, 1
508	95, 3, 1, 0, 1
508	90, 5, 3, 1, 1
509	90, 5, 3, 1, 1
509	90, 5, 3, 1, 1
510	90, 5, 3, 1, 1
510	95, 3, 1, 0, 1
511	95, 3, 1, 0, 1
511	90, 5, 3, 1, 1
512	90, 5, 3, 1, 1
512	90, 5, 3, 1, 1
513	90, 5, 3, 1, 1
513	90, 5, 3, 1, 1
514	90, 5, 3, 1, 1
514	90, 5, 3, 1, 1
515	90, 5, 3, 1, 1
515	90, 5, 3, 1, 1
516	90, 5, 3, 1, 1
516	90, 5, 3, 1, 1
517	90, 5, 3, 1, 1
517	90, 5, 3, 1, 1
518	90, 5, 3, 1, 1
518	90, 5, 3, 1, 1
519	90, 5, 3, 1, 1
519	90, 5, 3, 1, 1
520	90, 5, 3, 1, 1
520	90, 5, 3, 1, 1
521	90, 5, 3, 1, 1
521	90, 5, 3, 1, 1
522	95, 3, 1, 0, 1
522	90, 5, 3, 1, 1
523	90, 5, 3, 1, 1
523	90, 5, 3, 1, 1
524	95, 3, 1, 0, 1
524	95, 3, 1, 0, 1
525	90, 5, 3, 1, 1
525	90, 5, 3, 1, 1
526	90, 5, 3, 1, 1
526	90, 5, 3, 1, 1

The summary covers the main topic of Diego Simeone signing a contract extension with Atletico Madrid until 2020. It mentions his achievements and importance to the club. However, it lacks some key points such as his previous successes with the team and his reputation as one of the best coaches in European football. Overall, the summary is clear and logical but could provide more context.
527	90, 5, 3, 1, 1
527	90, 5, 3, 1, 1
528	90, 5, 3, 1, 1
528	90, 5, 3, 1, 1
529	90, 5, 3, 1, 1
529	90, 5, 3, 1, 1
530	90, 5, 3, 1, 1
530	90, 5, 3, 1, 1
531	90, 5, 3, 1, 1
531	95, 3, 1, 0, 1
532	95, 3, 1, 0, 1
532	90, 5, 3, 1, 1
533	90, 5, 3, 1, 1
533	90, 5, 3, 1, 1
534	90, 5, 3, 1, 1
534	90, 5, 3, 1, 1
535	90, 5, 3, 1, 1
535	90, 5, 3, 1, 1
536	90, 5, 3, 1, 1
536	90, 5, 3, 1, 1
537	90, 5, 3, 1, 1
537	90, 5, 3, 1, 1
538	90, 5, 3, 1, 1
538	90, 5, 3, 1, 1
539	95, 3, 1, 0, 1
539	90, 5, 3, 1, 1
540	90, 5, 3, 1, 1
540	90, 5, 3, 1, 1
541	90, 5, 3, 1, 1
541	90, 5, 3, 1, 1
542	95, 3, 1, 0, 1
542	95, 3, 1, 0, 1
543	90, 5, 3, 1, 1
543	90, 5, 3, 1, 1
544	90, 5, 3, 1, 1
544	90, 5, 3, 1, 1
545	90, 5, 3, 1, 1
545	90, 5, 3, 1, 1
546	90, 5, 3, 1, 1
546	90, 5, 3, 1, 1
547	90, 5, 3, 1, 1
547	90, 5, 3, 1, 1
548	95, 3, 1, 0, 1
548	95, 3, 1, 0, 1
549	90, 5, 3, 1, 1
549	90, 5, 3, 1, 1
550	90, 5, 3, 1, 1
550	90, 5, 3, 1, 1
551	95, 3, 1, 0, 1
551	95, 3, 1, 0, 1
552	90, 5, 3, 1, 1
552	90, 5, 3, 1, 1
553	90, 5, 3, 1, 1
553	90, 5, 3, 1, 1
554	95, 3, 1, 0, 1
554	90, 5, 3, 1, 1
555	90, 5, 3, 1, 1
555	95, 3, 1, 0, 1
556	90, 5, 3, 1, 1
556	90, 5, 3, 1, 1

The summary covers the main topic of two cycling events in Plymouth and mentions the participation of thousands of bikers. However, it fails to mention the specific details of the events, such as the Gran Fondo and Sky Ride, as well as the involvement of Jonathan Tiernan-Locke. The summary is somewhat clear but lacks key points from the article.
557	90, 5, 3, 1, 1
557	90, 5, 3, 1, 1
558	90, 5, 3, 1, 1

The summary covers the main topic of the news article, which is the killing of Katari Anuradha, the mayor of Chittoor town. However, it fails to mention key points such as the involvement of at least three men wearing burkas, the critical condition of her husband, and the police investigation into the motive of the attack. The summary is not presented in a clear and logical order, as it jumps straight to the conclusion without providing any context or details from the article.
558	90, 5, 3, 1, 1

The summary covers the main topic and key points of the news article, including the attack on Katari Anuradha, the involvement of three men wearing burkas, and the police investigation into the incident. However, it lacks details about the husband's critical condition and the security measures taken after the attack. Overall, the summary is clear and presents the information in a logical order.
559	90, 5, 3, 1, 1

The summary covers the main topic and key points of the news article, including the attack on Katari Anuradha, the involvement of three men wearing burkas, and the police investigation into the incident. However, it lacks details about the husband's critical condition and the security measures taken after the attack. Overall, the summary is clear and presents the information in a logical order.
559	90, 5, 3, 1, 1
560	95, 3, 1, 0, 1
560	95, 3, 1, 0, 1
561	90, 5, 3, 1, 1
561	90, 5, 3, 1, 1
562	90, 5, 3, 1, 1
562	90, 5, 3, 1, 1
563	90, 5, 3, 1, 1
563	90, 5, 3, 1, 1
564	90, 5, 3, 1, 1
564	95, 3, 1, 0, 1
565	95, 3, 1, 0, 1
565	90, 5, 3, 1, 1
566	90, 5, 3, 1, 1
566	90, 5, 3, 1, 1
567	90, 5, 3, 1, 1
567	90, 5, 3, 1, 1
568	90, 5, 3, 1, 1
568	90, 5, 3, 1, 1
569	90, 5, 3, 1, 1
569	90, 5, 3, 1, 1
570	90, 5, 3, 1, 1
570	95, 3, 1, 0, 1
571	90, 5, 3, 1, 1
571	70, 20, 5, 3, 2
572	90, 5, 3, 1, 1
572	90, 5, 3, 1, 1
573	90, 5, 3, 1, 1
573	90, 5, 3, 1, 1
574	90, 5, 3, 1, 1
574	95, 3, 1, 0, 1
575	95, 3, 1, 0, 1
575	95, 3, 1, 0, 1
576	90, 5, 3, 1, 1
576	90, 5, 3, 1, 1
577	90, 5, 3, 1, 1
577	90, 5, 3, 1, 1
578	90, 5, 3, 1, 1
578	90, 5, 3, 1, 1
579	90, 5, 3, 1, 1
579	95, 3, 1, 0, 1
580	95, 3, 1, 0, 1
580	90, 5, 3, 1, 1
581	90, 5, 3, 1, 1
581	95, 3, 1, 0, 1
582	90, 5, 3, 1, 1
582	90, 5, 3, 1, 1
583	90, 5, 3, 1, 1
583	90, 5, 3, 1, 1
584	90, 5, 3, 1, 1
584	90, 5, 3, 1, 1
585	90, 5, 3, 1, 1
585	95, 3, 1, 0, 1
586	95, 3, 1, 0, 1
586	90, 5, 3, 1, 1
587	95, 3, 1, 0, 1
587	95, 3, 1, 0, 1
588	90, 5, 3, 1, 1
588	90, 5, 3, 1, 1
589	90, 5, 3, 1, 1
589	90, 5, 3, 1, 1
590	90, 5, 3, 1, 1
590	90, 5, 3, 1, 1
591	90, 5, 3, 1, 1
591	90, 5, 3, 1, 1
592	90, 5, 3, 1, 1
592	90, 5, 3, 1, 1
593	95, 3, 1, 0, 1
593	95, 3, 1, 0, 1
594	90, 5, 3, 1, 1
594	95, 3, 1, 1, 0
595	95, 3, 1, 1, 0

The summary covers the main topic and key points of the news article accurately and in a clear and logical order. It provides all the necessary information in a concise manner. There is a very high likelihood that this summary will receive a score of 5.
595	70, 20, 5, 3, 2
596	90, 5, 3, 1, 1
596	90, 5, 3, 1, 1
597	90, 5, 3, 1, 1
597	95, 3, 1, 0, 1
598	95, 3, 1, 0, 1
598	95, 3, 1, 0, 1
599	90, 5, 3, 1, 1
599	90, 5, 3, 1, 1
600	90, 5, 3, 1, 1
600	90, 5, 3, 1, 1
601	90, 5, 3, 1, 1
601	95, 3, 1, 0, 1
602	90, 5, 3, 1, 1
602	90, 5, 3, 1, 1
603	90, 5, 3, 1, 1
603	90, 5, 3, 1, 1
604	90, 5, 3, 1, 1
604	90, 5, 3, 1, 1
605	90, 5, 3, 1, 1
605	90, 5, 3, 1, 1
606	90, 5, 3, 1, 1
606	90, 5, 3, 1, 1
607	90, 5, 3, 1, 1
607	95, 3, 1, 0, 1
608	95, 3, 1, 0, 1
608	95, 3, 1, 0, 1
609	90, 5, 3, 1, 1
609	90, 5, 3, 1, 1
610	90, 5, 3, 1, 1
610	90, 5, 3, 1, 1
611	90, 5, 3, 1, 1
611	90, 5, 3, 1, 1
612	90, 5, 3, 1, 1
612	90, 5, 3, 1, 1
613	90, 5, 3, 1, 1
613	90, 5, 3, 1, 1
614	90, 5, 3, 1, 1
614	90, 5, 3, 1, 1
615	90, 5, 3, 1, 1
615	90, 5, 3, 1, 1
616	90, 5, 3, 1, 1
616	90, 5, 3, 1, 1
617	90, 5, 3, 1, 1
617	90, 5, 3, 1, 1
618	90, 5, 3, 1, 1
618	95, 3, 1, 0, 1
619	95, 3, 1, 0, 1
619	90, 5, 3, 1, 1
620	90, 5, 3, 1, 1
620	90, 5, 3, 1, 1
621	90, 5, 3, 1, 1
621	95, 3, 1, 0, 1
622	95, 3, 1, 0, 1
622	90, 5, 3, 1, 1
623	90, 5, 3, 1, 1
623	90, 5, 3, 1, 1
624	90, 5, 3, 1, 1
624	90, 5, 3, 1, 1
625	90, 5, 3, 1, 1
625	90, 5, 3, 1, 1
626	90, 5, 3, 1, 1
626	90, 5, 3, 1, 1
627	90, 5, 3, 1, 1
627	90, 5, 3, 1, 1
628	90, 5, 3, 1, 1
628	90, 5, 3, 1, 1
629	90, 5, 3, 1, 1
629	90, 5, 3, 1, 1
630	70, 20, 5, 3, 2
630	90, 5, 3, 1, 1
631	90, 5, 3, 1, 1
631	90, 5, 3, 1, 1
632	90, 5, 3, 1, 1
632	90, 5, 3, 1, 1
633	90, 5, 3, 1, 1
633	95, 3, 1, 0, 1
634	95, 3, 1, 0, 1
634	90, 5, 3, 1, 1
635	95, 3, 1, 0, 1
635	95, 3, 1, 0, 1
636	90, 5, 3, 1, 1
636	90, 5, 3, 1, 1
637	90, 5, 3, 1, 1
637	90, 5, 3, 1, 1
638	90, 5, 3, 1, 1
638	90, 5, 3, 1, 1
639	90, 5, 3, 1, 1
639	90, 5, 3, 1, 1
640	90, 5, 3, 1, 1
640	90, 5, 3, 1, 1
641	90, 5, 3, 1, 1
641	90, 5, 3, 1, 1
642	90, 5, 3, 1, 1
642	90, 5, 3, 1, 1
643	90, 5, 3, 1, 1
643	90, 5, 3, 1, 1
644	95, 3, 1, 0, 1
644	95, 3, 1, 0, 1
645	90 people are being trained in a secure location, with more fighters to be trained in Jordan, Turkey, Qatar, and Saudi Arabia. The fighters will be paid by the United States and will receive support from coalition forces. The Pentagon plans to train and arm over 15,000 rebels over the next three years, with strict conditions attached to the support. The role of the force is to take on the Islamic State, not the regime of President Bashar al-Assad. The timeline for deployment into the battlefield has not been disclosed. 

90, 5, 3, 1, 1
645	95, 3, 1, 0, 1
646	95, 3, 1, 0, 1
646	90, 5, 3, 1, 1
647	90, 5, 3, 1, 1
647	90, 5, 3, 1, 1
648	90, 5, 3, 1, 1
648	90, 5, 3, 1, 1
649	90, 5, 3, 1, 1
649	90, 5, 3, 1, 1
650	90, 5, 3, 1, 1
650	90, 5, 3, 1, 1
651	90, 5, 3, 1, 1
