2
26
30
37
59
65
66
84
86
90
97
101
144
149
151
158
168
183
205
209
227
245
247
251
259
263
267
270
278
282
283
291
299
301
308
311
317
320
325
329
339
348
350
354
355
358
372
384
397
401
403
421
422
443
450
455
476
479
499
501
506
511
536
538
541
543
565
602
608
614
615
621
625
630
653
657
663
670
686
702
704
723
729
744
768
769
770
771
798
799
809
811
812
824
832
843
844
846
854
877
891
900
909
911
918
922
930
953
956
964
986
994
1004
1007
1011
1036
1041
1053
1056
1061
1063
1084
1087
1089
1093
1106
1113
1117
1136
1137
1141
1143
1163
1176
1220
1235
1236
1238
1244
1247
1250
1256
1265
1267
1290
1296
1299
1335
1354
1363
1368
1382
1390
1395
1408
1409
1411
1415
1422
1423
1427
1433
1440
1450
1458
1462
1467
1469
1476
1489
1496
1503
1518
1519
1528
1539
1546
1555
1556
1557
1564
1608
1615
1623
1648
1662
1669
1672
1679
1681
1692
1696
1699
1724
1737
1745
1746
1748
1753
1763
1772
1778
1779
1787
1791
1794
1796
1799
1803
1805
1843
1850
1863
1868
1872
1878
1886
1893
1894
1909
1913
1930
1952
1983
1992
1995
1998
2003
2022
2028
2037
2038
2039
2042
2055
2063
2066
2069
2087
2091
2092
2093
2097
2101
2106
2113
2116
2121
2124
2131
2135
2137
2146
2152
2169
2177
2187
2194
2195
2197
2211
2217
2240
2249
2252
2257
2275
2281
2289
2290
2311
2314
2318
2328
2330
2336
2341
2347
2353
2363
2371
2380
2396
2401
2403
2408
2413
2415
2423
2446
2472
2496
2516
2518
2519
2521
2525
2535
2547
2549
2551
2559
2574
2586
2592
2594
2601
2647
2656
2658
2662
2665
2667
2674
2688
2689
2700
2703
2705
2711
2717
2724
2730
2743
2762
2775
2778
2781
2783
2803
2814
2817
2825
2856
2872
2885
2894
2900
2905
2927
2928
2934
2935
2939
2956
2973
2989
3000
3002
3017
3018
3019
3023
3039
3044
3045
3049
3051
3052
3063
3065
3070
3085
3089
3095
3096
3097
3101
3103
3114
3121
3130
3133
3144
3146
3148
3173
3183
3188
3194
3195
3201
3202
3204
3206
3230
3245
3248
3256
3260
3263
3276
3287
3295
3296
3325
3337
3341
3349
3352
3356
3392
3396
3404
3408
3410
3414
3415
3417
3418
3419
3426
3429
3436
3444
3445
3470
3474
3483
3491
3501
3504
3505
3508
3537
3540
3555
3567
3573
3590
3614
3618
3635
3643
3656
3664
3669
3673
3674
3685
3691
3692
3705
3708
3713
3716
3719
3720
3736
3739
3743
3757
3762
3771
3775
3778
3782
3793
3796
3800
3811
3812
3825
3827
3847
3849
3853
3865
3872
3873
3874
3878
3900
3917
3929
3938
3941
3965
3970
3985
3987
3991
4009
4013
4015
4016
4026
4030
4037
4040
4045
4051
4055
4057
4072
4089
4095
4099
4100
4107
4108
4121
4139
4147
4150
4155
4177
4185
4205
4218
4220
4230
4231
4238
4240
4241
4244
4263
4265
4267
4271
4308
4310
4313
4315
4334
4337
4339
4344
4358
4359
4364
4368
4398
4414
4423
4430
4435
4445
4448
4453
4462
4470
4471
4487
4491
4502
4504
4520
4540
4549
4550
4568
4569
4576
4581
4600
4602
4603
4604
4614
4625
4637
4664
4674
4682
4689
4692
4701
4715
4718
4729
4737
4742
4764
4767
4769
4785
4791
4797
4805
4815
4818
4820
4838
4840
4847
4862
4866
4873
4889
4890
4908
4912
4919
4926
4927
4938
4944
4946
4955
4962
4977
4994
5001
5003
5004
5015
5024
5044
5050
5064
5068
5076
5125
5140
5145
5150
5155
5160
5161
5173
5174
5182
5192
5241
5249
5254
5259
5270
5273
5277
5291
5294
5296
5303
5311
5322
5324
5326
5335
5339
5344
5346
5349
5362
5364
5392
5397
5406
5408
5417
5446
5447
5450
5460
5461
5468
5474
5482
5483
5504
5505
5514
5539
5554
5556
5558
5575
5582
5611
5617
5633
5649
5656
5659
5682
5701
5703
5726
5747
5748
5761
5765
5774
5780
5795
5799
5810
5825
5857
5858
5868
5873
5886
5897
5907
5910
5919
5927
5928
5933
5971
5973
5976
5980
5981
5983
6003
6005
6014
6016
6056
6064
6069
6076
6105
6111
6115
6129
6150
6157
6168
6171
6175
6184
6193
6197
6221
6222
6224
6227
6242
6244
6250
6255
6268
6284
6289
6290
6319
6340
6344
6378
6385
6395
6399
6400
6408
6413
6420
6454
6471
6474
6482
6491
6494
6524
6547
6548
6567
6579
6591
6595
6598
6616
6634
6635
6664
6667
6670
6671
6693
6705
6707
6708
6722
6743
6747
6753
6767
6769
6772
6773
6791
6802
6803
6805
6814
6817
6832
6833
6837
6838
6841
6849
6864
6866
6872
6875
6886
6891
6896
6902
6903
6908
6910
6922
6929
6933
6942
6953
6962
6970
6972
6978
6983
6993
6994
6999
7008
7016
7021
7027
7030
7040
7073
7075
7110
7122
7126
7139
7154
7180
7231
7233
7246
7255
7261
7266
7267
7283
7298
7310
7315
7328
7332
7357
7360
7368
7379
7380
7404
7405
7414
7419
7444
7445
7449
7450
7459
7470
7479
7482
7487
7498
7500
7501
7508
7524
7525
7532
7549
7553
7558
7570
7584
7585
7587
7591
7596
7615
7617
7634
7637
7665
7669
7675
7680
7687
7688
7697
7703
7706
7710
7711
7723
7751
7761
7770
7779
7796
7811
7812
7824
7847
7851
7858
7865
7866
7872
7886
7887
7888
7891
7893
7902
7908
7914
7920
7929
7941
7947
7948
7949
7953
7984
7988
8007
8014
8025
8033
8036
8061
8064
8073
8082
8089
8106
8116
8121
8122
8140
8145
8151
8157
8160
8167
8180
8184
8185
8192
8198
8202
8220
8223
8225
8235
8243
8249
8272
8273
8297
8300
8307
8320
8328
8329
8342
8346
8354
8369
8380
8395
8402
8414
8417
8431
8478
8482
8487
8504
8506
8508
8528
8542
8547
8554
8560
8575
8620
8636
8656
8680
8688
8691
8699
8706
8708
8709
8714
8722
8752
8756
8757
8760
8761
8764
8769
8775
8776
8777
8778
8780
8802
8805
8840
8841
8844
8850
8860
8878
8897
8903
8907
8909
8912
8914
8929
8930
8952
8954
8955
8957
8961
8963
8966
8969
8975
8991
8993
9022
9026
9034
9051
9071
9072
9077
9081
9085
9095
9102
9106
9120
9122
9170
9173
9190
9211
9238
9240
9248
9255
9263
9279
9306
9307
9317
9323
9324
9339
9351
9365
9372
9396
9419
9429
9435
9441
9443
9452
9491
9495
9503
9505
9508
9510
9519
9525
9527
9531
9540
9556
9560
9564
9576
9577
9578
9584
9590
9599
9601
9620
9655
9661
9672
9699
9701
9714
9721
9737
9740
9741
9745
9748
9754
9766
9782
9789
9802
9812
9814
9816
9818
9829
9838
9839
9843
9863
9866
9881
9883
9888
9896
9919
9928
9937
9971
9976
9983
9984
9988
9998
10003
10006
10011
10013
10021
10037
10046
10057
10077
10078
10084
10089
10102
10110
10133
10136
10148
10150
10153
10173
10178
10191
10204
10206
10207
10218
10220
10233
10237
10247
10254
10277
10283
10308
10314
10323
10331
10335
10344
10371
10376
10399
10413
10418
10424
10426
10438
10462
10465
10468
10472
10480
10487
10488
10492
10535
10547
10560
10591
10594
10599
10608
10614
10634
10637
10638
10639
10642
10644
10658
10665
10669
10678
10692
10696
10701
10708
10722
10752
10759
10771
10775
10776
10804
10827
10833
10835
10849
10855
10863
10869
10878
10887
10901
10904
10911
10914
10916
10926
10927
10932
10955
10966
10973
10978
10979
11000
11008
11010
11014
11020
11021
11023
11026
11039
11042
11051
11054
11073
11078
11102
11104
11105
11107
11109
11110
11116
11118
11144
11147
11150
11159
11176
11189
11197
11205
11232
11236
11238
11253
11273
11274
11282
11287
11303
11313
11319
11320
11331