19	90, 5, 3, 1, 1
19	90, 5, 3, 1, 1
23	90, 5, 3, 1, 1
23	90, 5, 3, 1, 1
51	70, 20, 5, 3, 2
51	70, 20, 5, 3, 2
55	90, 5, 3, 1, 1
55	90, 5, 3, 1, 1
68	90, 5, 3, 1, 1
68	90, 5, 3, 1, 1
70	90, 5, 3, 1, 1
70	90, 5, 3, 1, 1
79	70, 20, 5, 3, 2
79	70, 20, 5, 3, 2
84	90, 5, 3, 1, 1
84	70, 20, 5, 3, 2
94	70, 20, 5, 3, 2
94	70, 20, 5, 3, 2
102	90, 5, 3, 1, 1
102	70, 20, 5, 3, 2
103	90, 5, 3, 1, 1
103	90, 5, 3, 1, 1
105	70, 20, 5, 3, 2
105	70, 20, 5, 3, 2
111	90, 5, 3, 1, 1
111	70, 20, 5, 3, 2
123	90, 5, 3, 1, 1
123	90, 5, 3, 1, 1
128	90, 5, 3, 1, 1
128	90, 5, 3, 1, 1
133	90, 5, 3, 1, 1
133	90, 5, 3, 1, 1
144	90, 5, 3, 1, 1
144	70, 20, 5, 3, 2
165	90, 5, 3, 1, 1
165	90, 5, 3, 1, 1
166	70, 20, 5, 3, 2
166	70, 20, 5, 3, 2
173	90, 5, 3, 1, 1
173	90, 5, 3, 1, 1
180	70, 20, 5, 3, 2
180	90, 5, 3, 1, 1
187	70, 20, 5, 3, 2
187	70, 20, 5, 3, 2
201	90, 5, 3, 1, 1
201	50, 30, 10, 5, 5
215	70, 20, 5, 3, 2
215	90, 5, 3, 1, 1
216	90, 5, 3, 1, 1
216	90, 5, 3, 1, 1
240	90, 5, 3, 1, 1
240	90, 5, 3, 1, 1
251	90, 5, 3, 1, 1
251	70, 20, 5, 3, 2
252	90, 5, 3, 1, 1
252	70, 20, 5, 3, 2
264	90, 5, 3, 1, 1
264	90, 5, 3, 1, 1
270	90, 5, 3, 1, 1
270	90, 5, 3, 1, 1
272	90, 5, 3, 1, 1
272	90, 5, 3, 1, 1
286	90, 5, 3, 1, 1
286	90, 5, 3, 1, 1
301	70, 20, 5, 3, 2
301	70, 20, 5, 3, 2
307	70, 20, 5, 3, 2
307	70, 20, 5, 3, 2
327	90, 5, 3, 1, 1
327	90, 5, 3, 1, 1
360	90, 5, 3, 1, 1
360	90, 5, 3, 1, 1
363	70, 20, 5, 3, 2
363	90, 5, 3, 1, 1
365	90, 5, 3, 1, 1
365	70, 20, 5, 3, 2
368	90, 5, 3, 1, 1
368	90, 5, 3, 1, 1
374	70, 20, 5, 3, 2
374	70, 20, 5, 3, 2
382	90, 5, 3, 1, 1
382	90, 5, 3, 1, 1
390	70, 20, 5, 3, 2
390	90, 5, 3, 1, 1
395	70, 20, 5, 3, 2
395	90, 5, 3, 1, 1
396	90, 5, 3, 1, 1
396	90, 5, 3, 1, 1
409	90, 5, 3, 1, 1
409	90, 5, 3, 1, 1
412	70, 20, 5, 3, 2
412	90, 5, 3, 1, 1
415	90, 5, 3, 1, 1
415	90, 5, 3, 1, 1
419	90, 5, 3, 1, 1
419	70, 20, 5, 3, 2
430	70, 20, 5, 3, 2
430	90, 5, 3, 1, 1
436	70, 20, 5, 3, 2
436	70, 20, 5, 3, 2
443	90, 5, 3, 1, 1
443	70, 20, 5, 3, 2
455	90, 5, 3, 1, 1
455	70, 20, 5, 3, 2
488	90, 5, 3, 1, 1
488	90, 5, 3, 1, 1
491	90, 5, 3, 1, 1
491	90, 5, 3, 1, 1
514	90, 5, 3, 1, 1
514	90, 5, 3, 1, 1
523	90, 5, 3, 1, 1
523	90, 5, 3, 1, 1
526	90, 5, 3, 1, 1
526	70, 20, 5, 3, 2
586	70, 20, 5, 3, 2
586	70, 20, 5, 3, 2
593	90, 5, 3, 1, 1
593	90, 5, 3, 1, 1
596	70, 20, 5, 3, 2
596	90, 5, 3, 1, 1
600	90, 5, 3, 1, 1
600	90, 5, 3, 1, 1
611	90, 5, 3, 1, 1
611	90, 5, 3, 1, 1
617	90, 5, 3, 1, 1
617	90, 5, 3, 1, 1
621	90, 5, 3, 1, 1
621	70, 20, 5, 3, 2
644	90, 5, 3, 1, 1
644	90, 5, 3, 1, 1
653	90, 5, 3, 1, 1
653	90, 5, 3, 1, 1
656	90, 5, 3, 1, 1
656	90, 5, 3, 1, 1
657	90, 5, 3, 1, 1
657	90, 5, 3, 1, 1
670	70, 20, 5, 3, 2
670	90, 5, 3, 1, 1
692	90, 5, 3, 1, 1
692	90, 5, 3, 1, 1
702	90, 5, 3, 1, 1
702	90, 5, 3, 1, 1
714	90, 5, 3, 1, 1
714	90, 5, 3, 1, 1
721	70, 20, 5, 3, 2
721	90, 5, 3, 1, 1
749	90, 5, 3, 1, 1
749	90, 5, 3, 1, 1
754	90, 5, 3, 1, 1
754	90, 5, 3, 1, 1
810	70, 20, 5, 3, 2
810	90, 5, 3, 1, 1
823	90, 5, 3, 1, 1
823	90, 5, 3, 1, 1
825	70, 20, 5, 3, 2
825	70, 20, 5, 3, 2
829	90, 5, 3, 1, 1
829	90, 5, 3, 1, 1
845	90, 5, 3, 1, 1
845	90, 5, 3, 1, 1
853	90, 5, 3, 1, 1
853	90, 5, 3, 1, 1
857	90, 5, 3, 1, 1
857	90, 5, 3, 1, 1
860	90, 5, 3, 1, 1
860	70, 20, 5, 3, 2
867	90, 5, 3, 1, 1
867	90, 5, 3, 1, 1
870	90, 5, 3, 1, 1
870	90, 5, 3, 1, 1
871	90, 5, 3, 1, 1
871	90, 5, 3, 1, 1
885	90, 5, 3, 1, 1
885	90, 5, 3, 1, 1
891	90, 5, 3, 1, 1
891	90, 5, 3, 1, 1
896	90, 5, 3, 1, 1
896	90, 5, 3, 1, 1
904	90, 5, 3, 1, 1
904	90, 5, 3, 1, 1
925	90, 5, 3, 1, 1
925	90, 5, 3, 1, 1
953	90, 5, 3, 1, 1
953	90, 5, 3, 1, 1
967	90, 5, 3, 1, 1
967	90, 5, 3, 1, 1
975	90, 5, 3, 1, 1
975	90, 5, 3, 1, 1
980	90, 5, 3, 1, 1
980	90, 5, 3, 1, 1
993	90, 5, 3, 1, 1
993	90, 5, 3, 1, 1
999	90, 5, 3, 1, 1
999	90, 5, 3, 1, 1
1028	90, 5, 3, 1, 1
1028	70, 20, 5, 3, 2
1038	70, 20, 5, 3, 2
1038	90, 5, 3, 1, 1
1039	70, 20, 5, 3, 2
1039	90, 5, 3, 1, 1
1045	70, 20, 5, 3, 2
1045	70, 20, 5, 3, 2
1058	90, 5, 3, 1, 1
1058	90, 5, 3, 1, 1
1060	90, 5, 3, 1, 1
1060	90, 5, 3, 1, 1
1072	90, 5, 3, 1, 1
1072	90, 5, 3, 1, 1
1097	90, 5, 3, 1, 1
1097	70, 20, 5, 3, 2
1108	90, 5, 3, 1, 1
1108	90, 5, 3, 1, 1
1110	90, 5, 3, 1, 1
1110	90, 5, 3, 1, 1
1111	90, 5, 3, 1, 1
1111	90, 5, 3, 1, 1
1118	70, 20, 5, 3, 2
1118	90, 5, 3, 1, 1
1135	90, 5, 3, 1, 1
1135	90, 5, 3, 1, 1
1137	80, 10, 5, 3, 2
1137	70, 20, 5, 3, 2
1161	90, 5, 3, 1, 1
1161	90, 5, 3, 1, 1
1168	70, 20, 5, 3, 2
1168	90, 5, 3, 1, 1
1170	70, 20, 5, 3, 2
1170	90, 5, 3, 1, 1
1176	70, 20, 5, 3, 2
1176	70, 20, 5, 3, 2
1178	90, 5, 3, 1, 1
1178	90, 5, 3, 1, 1
1201	90, 5, 3, 1, 1
1201	90, 5, 3, 1, 1
1210	70, 20, 5, 3, 2
1210	70, 20, 5, 3, 2
1226	90, 5, 3, 1, 1
1226	90, 5, 3, 1, 1
1235	90, 5, 3, 1, 1
1235	90, 5, 3, 1, 1
1255	90, 5, 3, 1, 1
1255	90, 5, 3, 1, 1
1273	90, 5, 3, 1, 1
1273	90, 5, 3, 1, 1
1291	70, 20, 5, 3, 2
1291	70, 20, 5, 3, 2
1297	90, 5, 3, 1, 1
1297	90, 5, 3, 1, 1
1312	70, 20, 5, 3, 2
1312	70, 20, 5, 3, 2
1315	90, 5, 3, 1, 1
1315	90, 5, 3, 1, 1
1320	90, 5, 3, 1, 1
1320	90, 5, 3, 1, 1
1322	90, 5, 3, 1, 1
1322	70, 20, 5, 3, 2
1323	90, 5, 3, 1, 1
1323	90, 5, 3, 1, 1
1329	70, 20, 5, 3, 2
1329	70, 20, 5, 3, 2
1330	90, 5, 3, 1, 1
1330	90, 5, 3, 1, 1
1344	70, 20, 5, 3, 2
1344	90, 5, 3, 1, 1
1346	90, 5, 3, 1, 1
1346	90, 5, 3, 1, 1
1351	90, 5, 3, 1, 1
1351	90, 5, 3, 1, 1
1368	90, 5, 3, 1, 1
1368	70, 20, 5, 3, 2
1373	70, 20, 5, 3, 2
1373	70, 20, 5, 3, 2
1374	90, 5, 3, 1, 1
1374	70, 20, 5, 3, 2
1376	90, 5, 3, 1, 1
1376	90, 5, 3, 1, 1
1386	90, 5, 3, 1, 1
1386	90, 5, 3, 1, 1
1396	90, 5, 3, 1, 1
1396	90, 5, 3, 1, 1
1406	90, 5, 3, 1, 1
1406	90, 5, 3, 1, 1
1410	70, 20, 5, 3, 2
1410	90, 5, 3, 1, 1
1417	70, 20, 5, 3, 2
1417	70, 20, 5, 3, 2
1420	90, 5, 3, 1, 1
1420	90, 5, 3, 1, 1
1425	70, 20, 5, 3, 2
1425	90, 5, 3, 1, 1
1440	90, 5, 3, 1, 1
1440	90, 5, 3, 1, 1
1442	90, 5, 3, 1, 1
1442	90, 5, 3, 1, 1
1460	90, 5, 3, 1, 1
1460	90, 5, 3, 1, 1
1465	90, 5, 3, 1, 1
1465	90, 5, 3, 1, 1
1475	70, 20, 5, 3, 2
1475	90, 5, 3, 1, 1
1479	70, 20, 5, 3, 2
1479	70, 20, 5, 3, 2
1491	90, 5, 3, 1, 1
1491	90, 5, 3, 1, 1
1497	90, 5, 3, 1, 1
1497	70, 20, 5, 3, 2
1507	90, 5, 3, 1, 1
1507	90, 5, 3, 1, 1
1523	90, 5, 3, 1, 1
1523	90, 5, 3, 1, 1
1540	90, 5, 3, 1, 1
1540	90, 5, 3, 1, 1
1541	90, 5, 3, 1, 1
1541	90, 5, 3, 1, 1
1564	90, 5, 3, 1, 1
1564	90, 5, 3, 1, 1
1582	70, 20, 5, 3, 2
1582	70, 20, 5, 3, 2
1595	90, 5, 3, 1, 1
1595	90, 5, 3, 1, 1
1619	70, 20, 5, 3, 2
1619	10, 5, 2, 1, 1
1624	90, 5, 3, 1, 1
1624	90, 5, 3, 1, 1
1667	70, 20, 5, 3, 2
1667	70, 20, 5, 3, 2
1668	90, 5, 3, 1, 1
1668	90, 5, 3, 1, 1
1707	90, 5, 3, 1, 1
1707	90, 5, 3, 1, 1
1741	90, 5, 3, 1, 1
1741	50, 30, 15, 3, 2
1746	90, 5, 3, 1, 1
1746	70, 20, 5, 3, 2
1757	90, 5, 3, 1, 1
1757	90, 5, 3, 1, 1
1775	90, 5, 3, 1, 1
1775	70, 20, 5, 3, 2
1777	70, 20, 5, 3, 2
1777	70, 20, 5, 3, 2
1786	90, 5, 3, 1, 1
1786	90, 5, 3, 1, 1
1788	90, 5, 3, 1, 1
1788	90, 5, 3, 1, 1
1799	90, 5, 3, 1, 1
1799	90, 5, 3, 1, 1
1802	90, 5, 3, 1, 1
1802	90, 5, 3, 1, 1
1807	90, 5, 3, 1, 1
1807	90, 5, 3, 1, 1
1808	90, 5, 3, 1, 1
1808	90, 5, 3, 1, 1
1816	90, 5, 3, 1, 1
1816	90, 5, 3, 1, 1
1818	90, 5, 3, 1, 1
1818	90, 5, 3, 1, 1
1832	90, 5, 3, 1, 1
1832	70, 20, 5, 3, 2
1833	90, 5, 3, 1, 1
1833	90, 5, 3, 1, 1
1834	90, 5, 3, 1, 1
1834	90, 5, 3, 1, 1
1838	90, 5, 3, 1, 1
1838	90, 5, 3, 1, 1
1856	90, 5, 3, 1, 1
1856	90, 5, 3, 1, 1
1865	70, 20, 5, 3, 2
1865	90, 5, 3, 1, 1
1889	90, 5, 3, 1, 1
1889	90, 5, 3, 1, 1
1895	90, 5, 3, 1, 1
1895	90, 5, 3, 1, 1
1897	70, 20, 5, 3, 2
1897	90, 5, 3, 1, 1
1911	90, 5, 3, 1, 1
1911	90, 5, 3, 1, 1
1917	70, 20, 5, 3, 2
1917	70, 20, 5, 3, 2
1935	90, 5, 3, 1, 1
1935	90, 5, 3, 1, 1
1939	70, 20, 5, 3, 2
1939	70, 20, 5, 3, 2
1940	90, 5, 3, 1, 1
1940	70, 20, 5, 3, 2
1942	90, 5, 3, 1, 1
1942	90, 5, 3, 1, 1
1944	70, 20, 5, 3, 2
1944	90, 5, 3, 1, 1
1951	70, 20, 5, 3, 2
1951	70, 20, 5, 3, 2
1953	90, 5, 3, 1, 1
1953	90, 5, 3, 1, 1
1983	90, 5, 3, 1, 1
1983	70, 20, 5, 3, 2
2002	90, 5, 3, 1, 1
2002	90, 5, 3, 1, 1
2006	70, 15, 10, 3, 2
2006	70, 20, 5, 3, 2
2033	90, 5, 3, 1, 1
2033	90, 5, 3, 1, 1
2038	70, 20, 5, 3, 2
2038	70, 20, 5, 3, 2
2046	90, 5, 3, 1, 1
2046	90, 5, 3, 1, 1
2050	10, 5, 2, 1, 1
2050	10, 20, 30, 20, 20
2068	70, 20, 5, 3, 2
2068	70, 20, 5, 3, 2
2073	90, 5, 3, 1, 1
2073	90, 5, 3, 1, 1
2075	90, 5, 3, 1, 1
2075	90, 5, 3, 1, 1
2097	70, 20, 5, 3, 2
2097	90, 5, 3, 1, 1
2105	90, 5, 3, 1, 1
2105	70, 20, 5, 3, 2
2133	70, 20, 5, 3, 2
2133	90, 5, 3, 1, 1
2154	90, 5, 3, 1, 1
2154	70, 20, 5, 3, 2
2179	90, 5, 3, 1, 1
2179	90, 5, 3, 1, 1
2182	90, 5, 3, 1, 1
2182	90, 5, 3, 1, 1
2186	90, 5, 3, 1, 1
2186	70, 20, 5, 3, 2
2191	90, 5, 3, 1, 1
2191	90, 5, 3, 1, 1
2197	70, 20, 5, 3, 2
2197	70, 20, 5, 3, 2
2220	70, 20, 5, 3, 2
2220	90, 5, 3, 1, 1
2222	90, 5, 3, 1, 1
2222	90, 5, 3, 1, 1
2278	90, 5, 3, 1, 1
2278	70, 20, 5, 3, 2
2280	90, 5, 3, 1, 1
2280	90, 5, 3, 1, 1
2308	70, 20, 5, 3, 2
2308	70, 20, 5, 3, 2
2315	90, 5, 3, 1, 1
2315	90, 5, 3, 1, 1
2332	70, 20, 5, 3, 2
2332	70, 20, 5, 3, 2
2335	70, 20, 5, 3, 2
2335	90, 5, 3, 1, 1
2337	90, 5, 3, 1, 1
2337	90, 5, 3, 1, 1
2339	90, 5, 3, 1, 1
2339	90, 5, 3, 1, 1
2353	90, 5, 3, 1, 1
2353	90, 5, 3, 1, 1
2357	70, 20, 5, 3, 2
2357	90, 5, 3, 1, 1
2364	70, 20, 5, 3, 2
2364	70, 20, 5, 3, 2
2369	90, 5, 3, 1, 1
2369	90, 5, 3, 1, 1
2409	90, 5, 3, 1, 1
2409	90, 5, 3, 1, 1
2416	90, 5, 3, 1, 1
2416	90, 5, 3, 1, 1
2426	90, 5, 3, 1, 1
2426	90, 5, 3, 1, 1
2428	90, 5, 3, 1, 1
2428	70, 20, 5, 3, 2
2430	90, 5, 3, 1, 1
2430	70, 20, 5, 3, 2
2432	90, 5, 3, 1, 1
2432	90, 5, 3, 1, 1
2453	90, 5, 3, 1, 1
2453	90, 5, 3, 1, 1
2462	90, 5, 3, 1, 1
2462	70, 20, 5, 3, 2
2465	90, 5, 3, 1, 1
2465	90, 5, 3, 1, 1
2475	90, 5, 3, 1, 1
2475	90, 5, 3, 1, 1
2479	90, 5, 3, 1, 1
2479	90, 5, 3, 1, 1
2494	90, 5, 3, 1, 1
2494	90, 5, 3, 1, 1
2510	90, 5, 3, 1, 1
2510	90, 5, 3, 1, 1
2542	90, 5, 3, 1, 1
2542	90, 5, 3, 1, 1
2546	90, 5, 3, 1, 1
2546	90, 5, 3, 1, 1
2549	90, 5, 3, 1, 1
2549	90, 5, 3, 1, 1
2551	70, 20, 5, 3, 2
2551	90, 5, 3, 1, 1
2559	90, 5, 3, 1, 1
2559	90, 5, 3, 1, 1
2586	90, 5, 3, 1, 1
2586	90, 5, 3, 1, 1
2591	90, 5, 3, 1, 1
2591	90, 5, 3, 1, 1
2603	90, 5, 3, 1, 1
2603	90, 5, 3, 1, 1
2615	70, 20, 5, 3, 2
2615	70, 20, 5, 3, 2
2619	90, 5, 3, 1, 1
2619	90, 5, 3, 1, 1
2622	70, 20, 5, 3, 2
2622	90, 5, 3, 1, 1
2630	90, 5, 3, 1, 1
2630	70, 20, 5, 3, 2
2637	90, 5, 3, 1, 1
2637	90, 5, 3, 1, 1
2676	70, 20, 5, 3, 2
2676	70, 20, 5, 3, 2
2681	90, 5, 3, 1, 1
2681	90, 5, 3, 1, 1
2694	70, 20, 5, 3, 2
2694	90, 5, 3, 1, 1
2695	90, 5, 3, 1, 1
2695	90, 5, 3, 1, 1
2698	90, 5, 3, 1, 1
2698	90, 5, 3, 1, 1
2699	50, 30, 15, 3, 2
2699	70, 20, 5, 3, 2
2701	90, 5, 3, 1, 1
2701	90, 5, 3, 1, 1
2707	90, 5, 3, 1, 1
2707	90, 5, 3, 1, 1
2738	70, 20, 5, 3, 2
2738	70, 20, 5, 3, 2
2755	70, 20, 5, 3, 2
2755	90, 5, 3, 1, 1
2780	90, 5, 3, 1, 1
2780	90, 5, 3, 1, 1
2782	90, 5, 3, 1, 1
2782	70, 20, 5, 3, 2
2786	90, 5, 3, 1, 1
2786	90, 5, 3, 1, 1
2807	90, 5, 3, 1, 1
2807	90, 5, 3, 1, 1
2829	90, 5, 3, 1, 1
2829	90, 5, 3, 1, 1
2843	90, 5, 3, 1, 1
2843	90, 5, 3, 1, 1
2855	70, 20, 5, 3, 2
2855	70, 20, 5, 3, 2
2880	90, 5, 3, 1, 1
2880	90, 5, 3, 1, 1
2885	90, 5, 3, 1, 1
2885	90, 5, 3, 1, 1
2888	90, 5, 3, 1, 1
2888	90, 5, 3, 1, 1
2936	90, 5, 3, 1, 1
2936	90, 5, 3, 1, 1
2957	90, 5, 3, 1, 1
2957	90, 5, 3, 1, 1
2959	90, 5, 3, 1, 1
2959	70, 20, 5, 3, 2
2964	90, 5, 3, 1, 1
2964	90, 5, 3, 1, 1
2982	90, 5, 3, 1, 1
2982	90, 5, 3, 1, 1
2990	90, 5, 3, 1, 1
2990	90, 5, 3, 1, 1
2995	70, 15, 10, 3, 2
2995	70, 20, 5, 3, 2
2998	90, 5, 3, 1, 1
2998	90, 5, 3, 1, 1
3002	70, 20, 5, 3, 2
3002	70, 20, 5, 3, 2
3004	90, 5, 3, 1, 1
3004	70, 20, 5, 3, 2
3021	90, 5, 3, 1, 1
3021	90, 5, 3, 1, 1
3037	90, 5, 3, 1, 1
3037	90, 5, 3, 1, 1
3042	90, 5, 3, 1, 1
3042	90, 5, 3, 1, 1
3051	90, 5, 3, 1, 1
3051	90, 5, 3, 1, 1
3070	70, 20, 5, 3, 2
3070	90, 5, 3, 1, 1
3077	90, 5, 3, 1, 1
3077	90, 5, 3, 1, 1
3086	70, 20, 5, 3, 2
3086	90, 5, 3, 1, 1
3093	90, 5, 3, 1, 1
3093	90, 5, 3, 1, 1
3100	90, 5, 3, 1, 1
3100	90, 5, 3, 1, 1
3102	90, 5, 3, 1, 1
3102	90, 5, 3, 1, 1
3107	90, 5, 3, 1, 1
3107	90, 5, 3, 1, 1
3116	90, 5, 3, 1, 1
3116	90, 5, 3, 1, 1
3136	90, 5, 3, 1, 1
3136	90, 5, 3, 1, 1
3141	90, 5, 3, 1, 1
3141	70, 20, 5, 3, 2
3145	90, 5, 3, 1, 1
3145	90, 5, 3, 1, 1
3149	90, 5, 3, 1, 1
3149	70, 15, 10, 3, 2
3152	70, 20, 5, 3, 2
3152	90, 5, 3, 1, 1
3160	90, 5, 3, 1, 1
3160	90, 5, 3, 1, 1
3161	70, 20, 5, 3, 2
3161	90, 5, 3, 1, 1
3169	90, 5, 3, 1, 1
3169	90, 5, 3, 1, 1
3170	90, 5, 3, 1, 1
3170	90, 5, 3, 1, 1
3175	90, 5, 3, 1, 1
3175	90, 5, 3, 1, 1
3182	90, 5, 3, 1, 1
3182	90, 5, 3, 1, 1
3228	90, 5, 3, 1, 1
3228	90, 5, 3, 1, 1
3246	90, 5, 3, 1, 1
3246	90, 5, 3, 1, 1
3260	90, 5, 3, 1, 1
3260	90, 5, 3, 1, 1
3271	90, 5, 3, 1, 1
3271	70, 20, 5, 3, 2
3295	90, 5, 3, 1, 1
3295	90, 5, 3, 1, 1
3298	70, 20, 5, 3, 2
3298	70, 20, 5, 3, 2
3302	90, 5, 3, 1, 1
3302	90, 5, 3, 1, 1
3308	90, 5, 3, 1, 1
3308	90, 5, 3, 1, 1
3324	90, 5, 3, 1, 1
3324	70, 20, 5, 3, 2
3332	90, 5, 3, 1, 1
3332	90, 5, 3, 1, 1
3338	90, 5, 3, 1, 1
3338	90, 5, 3, 1, 1
3361	90, 5, 3, 1, 1
3361	90, 5, 3, 1, 1
3363	90, 5, 3, 1, 1
3363	90, 5, 3, 1, 1
3370	90, 5, 3, 1, 1
3370	70, 20, 5, 3, 2
3395	70, 20, 5, 3, 2
3395	70, 20, 5, 3, 2
3396	70, 20, 5, 3, 2
3396	70, 20, 5, 3, 2
3401	70, 20, 5, 3, 2
3401	70, 20, 5, 3, 2
3414	90, 5, 3, 1, 1
3414	90, 5, 3, 1, 1
3446	90, 5, 3, 1, 1
3446	90, 5, 3, 1, 1
3453	70, 20, 5, 3, 2
3453	70, 20, 5, 3, 2
3470	90, 5, 3, 1, 1
3470	90, 5, 3, 1, 1
3521	90, 5, 3, 1, 1
3521	90, 5, 3, 1, 1
3524	90, 5, 3, 1, 1
3524	90, 5, 3, 1, 1
3545	70, 20, 5, 3, 2
3545	90, 5, 3, 1, 1
3546	90, 5, 3, 1, 1
3546	70, 20, 5, 3, 2
3563	90, 5, 3, 1, 1
3563	90, 5, 3, 1, 1
3585	70, 20, 5, 3, 2
3585	90, 5, 3, 1, 1
3618	70, 20, 5, 3, 2
3618	70, 20, 5, 3, 2
3630	90, 5, 3, 1, 1
3630	90, 5, 3, 1, 1
3633	90, 5, 3, 1, 1
3633	90, 5, 3, 1, 1
3638	70, 20, 5, 3, 2
3638	70, 20, 5, 3, 2
3648	90, 5, 3, 1, 1
3648	90, 5, 3, 1, 1
3649	90, 5, 3, 1, 1
3649	90, 5, 3, 1, 1
3656	90, 5, 3, 1, 1
3656	90, 5, 3, 1, 1
3667	90, 5, 3, 1, 1
3667	90, 5, 3, 1, 1
3688	90, 5, 3, 1, 1
3688	90, 5, 3, 1, 1
3691	90, 5, 3, 1, 1
3691	70, 20, 5, 3, 2
3725	90, 5, 3, 1, 1
3725	90, 5, 3, 1, 1
3732	70, 20, 5, 3, 2
3732	70, 20, 5, 3, 2
3738	90, 5, 3, 1, 1
3738	90, 5, 3, 1, 1
3754	90, 5, 3, 1, 1
3754	90, 5, 3, 1, 1
3767	90, 5, 3, 1, 1
3767	70, 20, 5, 3, 2
3768	70, 20, 5, 3, 2
3768	90, 5, 3, 1, 1
3773	90, 5, 3, 1, 1
3773	90, 5, 3, 1, 1
3797	90, 5, 3, 1, 1
3797	70, 20, 5, 3, 2
3807	90, 5, 3, 1, 1
3807	90, 5, 3, 1, 1
3822	90, 5, 3, 1, 1
3822	10, 5, 2, 1, 1
3831	90, 5, 3, 1, 1
3831	90, 5, 3, 1, 1
3832	70, 20, 5, 3, 2
3832	70, 20, 5, 3, 2
3836	90, 5, 3, 1, 1
3836	90, 5, 3, 1, 1
3837	70, 20, 5, 3, 2
3837	90, 5, 3, 1, 1
3862	90, 5, 3, 1, 1
3862	90, 5, 3, 1, 1
3864	90, 5, 3, 1, 1
3864	90, 5, 3, 1, 1
3876	90, 5, 3, 1, 1
3876	70, 20, 5, 3, 2
3878	90, 5, 3, 1, 1
3878	90, 5, 3, 1, 1
3881	70, 20, 5, 3, 2
3881	70, 20, 5, 3, 2
3883	70, 20, 5, 3, 2
3883	70, 20, 5, 3, 2
3891	70, 20, 5, 3, 2
3891	70, 20, 5, 3, 2
3892	90, 5, 3, 1, 1
3892	90, 5, 3, 1, 1
3895	90, 5, 3, 1, 1
3895	90, 5, 3, 1, 1
3899	90, 5, 3, 1, 1
3899	90, 5, 3, 1, 1
3919	70, 20, 5, 3, 2
3919	90, 5, 3, 1, 1
3935	90, 5, 3, 1, 1
3935	90, 5, 3, 1, 1
3940	90, 5, 3, 1, 1
3940	90, 5, 3, 1, 1
3947	90, 5, 3, 1, 1
3947	90, 5, 3, 1, 1
3967	90, 5, 3, 1, 1
3967	90, 5, 3, 1, 1
3968	90, 5, 3, 1, 1
3968	90, 5, 3, 1, 1
3972	90, 5, 3, 1, 1
3972	70, 20, 5, 3, 2
3981	70, 20, 5, 3, 2
3981	90, 5, 3, 1, 1
3982	90, 5, 3, 1, 1
3982	90, 5, 3, 1, 1
4006	90, 5, 3, 1, 1
4006	90, 5, 3, 1, 1
4008	90, 5, 3, 1, 1
4008	90, 5, 3, 1, 1
4010	90, 5, 3, 1, 1
4010	70, 20, 5, 3, 2
4013	90, 5, 3, 1, 1
4013	90, 5, 3, 1, 1
4014	90, 5, 3, 1, 1
4014	90, 5, 3, 1, 1
4020	90, 5, 3, 1, 1
4020	90, 5, 3, 1, 1
4060	70, 20, 5, 3, 2
4060	90, 5, 3, 1, 1
4065	90, 5, 3, 1, 1
4065	90, 5, 3, 1, 1
4070	70, 20, 5, 3, 2
4070	70, 20, 5, 3, 2
4084	90, 5, 3, 1, 1
4084	90, 5, 3, 1, 1
4100	90, 5, 3, 1, 1
4100	90, 5, 3, 1, 1
4109	70, 20, 5, 3, 2
4109	90, 5, 3, 1, 1
4119	90, 5, 3, 1, 1
4119	90, 5, 3, 1, 1
4144	90, 5, 3, 1, 1
4144	90, 5, 3, 1, 1
4168	90, 5, 3, 1, 1
4168	90, 5, 3, 1, 1
4177	90, 5, 3, 1, 1
4177	90, 5, 3, 1, 1
4192	90, 5, 3, 1, 1
4192	90, 5, 3, 1, 1
4198	90, 5, 3, 1, 1
4198	90, 5, 3, 1, 1
4203	90, 5, 3, 1, 1
4203	90, 5, 3, 1, 1
4212	90, 5, 3, 1, 1
4212	70, 20, 5, 3, 2
0	90, 5, 3, 1, 1
0	90, 5, 3, 1, 1
1	90, 5, 3, 1, 1
1	10, 90, 0, 0, 0
2	90, 5, 3, 1, 1
2	10, 70, 15, 3, 2
3	10, 5, 2, 1, 1
3	95, 3, 1, 0, 1
4	90, 5, 3, 1, 1
4	90, 5, 3, 1, 1
5	90, 5, 3, 1, 1
5	90, 5, 3, 1, 1
6	90, 5, 3, 1, 1
6	90, 5, 3, 1, 1
7	90, 5, 3, 1, 1
7	90, 5, 3, 1, 1
8	90, 5, 3, 1, 1
8	90, 5, 3, 1, 1
9	90, 5, 3, 1, 1
9	90, 5, 3, 1, 1
10	90, 5, 3, 1, 1
10	90, 5, 3, 1, 1
11	90, 5, 3, 1, 1
11	90, 5, 3, 1, 1
12	70, 20, 5, 3, 2
12	90, 5, 3, 1, 1
13	90, 5, 3, 1, 1
13	90, 5, 3, 1, 1
14	90, 5, 3, 1, 1
14	90, 5, 3, 1, 1
15	90, 5, 3, 1, 1
15	90, 5, 3, 1, 1
16	95, 3, 1, 0, 1
16	10, 70, 15, 3, 2
17	95, 3, 1, 0, 1
17	95, 3, 1, 0, 1
18	70, 20, 5, 3, 2
18	90, 5, 3, 1, 1
19	70, 20, 5, 3, 2
19	10, 70, 15, 3, 2
20	90, 5, 3, 1, 1
20	70, 20, 5, 3, 2
21	90, 5, 3, 1, 1
21	90, 5, 3, 1, 1
23	90, 5, 3, 1, 1
23	90, 5, 3, 1, 1
24	90, 5, 3, 1, 1
24	90, 5, 3, 1, 1
25	90, 5, 3, 1, 1
25	90, 5, 3, 1, 1
26	70, 20, 5, 3, 2
26	90, 5, 3, 1, 1
27	90, 5, 3, 1, 1
27	90, 5, 3, 1, 1
28	90, 5, 3, 1, 1
28	95, 3, 1, 0, 1
29	95, 3, 1, 0, 1
29	90, 5, 3, 1, 1
30	90, 5, 3, 1, 1
30	90, 5, 3, 1, 1
31	90, 5, 3, 1, 1
31	90, 5, 3, 1, 1
32	90, 5, 3, 1, 1
32	70, 20, 5, 3, 2
33	90, 5, 3, 1, 1
33	90, 5, 3, 1, 1
34	70, 20, 5, 3, 2
34	90, 5, 3, 1, 1
35	90, 5, 3, 1, 1
35	90, 5, 3, 1, 1
36	90, 5, 3, 1, 1
36	90, 5, 3, 1, 1
37	10, 80, 5, 3, 2
37	90, 5, 3, 1, 1
38	90, 5, 3, 1, 1
38	90, 5, 3, 1, 1
39	90, 5, 3, 1, 1
39	90, 5, 3, 1, 1
40	90, 5, 3, 1, 1
40	95, 3, 1, 0, 1
41	95, 3, 1, 0, 1
41	10, 80, 5, 3, 2
42	90, 5, 3, 1, 1
42	90, 5, 3, 1, 1
43	70, 20, 5, 3, 2
43	95, 3, 1, 0, 1
44	90, 5, 3, 1, 1
44	90, 5, 3, 1, 1
45	90, 5, 3, 1, 1
45	90, 5, 3, 1, 1
46	90, 5, 3, 1, 1
46	90, 5, 3, 1, 1
47	90, 5, 3, 1, 1
47	90, 5, 3, 1, 1
48	90, 5, 3, 1, 1
48	90, 5, 3, 1, 1
49	90, 5, 3, 1, 1
49	90, 5, 3, 1, 1
50	90, 5, 3, 1, 1
50	70, 20, 5, 3, 2
51	90, 5, 3, 1, 1
51	70, 20, 5, 3, 2
52	90, 5, 3, 1, 1
52	90, 5, 3, 1, 1
53	90, 5, 3, 1, 1
53	90, 5, 3, 1, 1
54	90, 5, 3, 1, 1
54	90, 5, 3, 1, 1
55	10, 70, 15, 3, 2
55	90, 5, 3, 1, 1
56	90, 5, 3, 1, 1
56	10, 80, 5, 3, 2
57	90, 5, 3, 1, 1
57	90, 5, 3, 1, 1
58	90, 5, 3, 1, 1
58	95, 3, 1, 0, 1
59	95, 3, 1, 0, 1
59	10, 5, 80, 3, 2
60	95, 3, 1, 0, 1
60	90, 5, 3, 1, 1
61	90, 5, 3, 1, 1
61	90, 5, 3, 1, 1
62	90, 5, 3, 1, 1
62	10, 70, 15, 3, 2
63	90, 5, 3, 1, 1
63	90, 5, 3, 1, 1
64	90, 5, 3, 1, 1
64	90, 5, 3, 1, 1
66	90, 5, 3, 1, 1
66	90, 5, 3, 1, 1
67	95, 3, 1, 0, 1
67	90, 5, 3, 1, 1
68	90, 5, 3, 1, 1
68	90, 5, 3, 1, 1
69	70, 20, 5, 3, 2
69	95, 3, 1, 0, 1
70	95, 3, 1, 0, 1
70	95, 3, 1, 0, 1
71	10, 90, 0, 0, 0
71	95, 3, 1, 0, 1
72	95, 3, 1, 0, 1
72	10, 5, 2, 1, 1
73	95, 3, 1, 0, 1
73	90, 5, 3, 1, 1
74	10, 70, 15, 3, 2
74	90, 5, 3, 1, 1
75	90, 5, 3, 1, 1
75	10, 90, 0, 0, 0
76	90, 5, 3, 1, 1
76	90, 5, 3, 1, 1
77	90, 5, 3, 1, 1
77	90, 5, 3, 1, 1
78	90, 5, 3, 1, 1
78	95, 3, 1, 0, 1
79	95, 3, 1, 0, 1
79	95, 3, 1, 0, 1
80	90, 5, 3, 1, 1
80	90, 5, 3, 1, 1
81	90, 5, 3, 1, 1
81	90, 5, 3, 1, 1
82	95, 3, 1, 0, 1
82	95, 3, 1, 0, 1
83	90, 5, 3, 1, 1
83	90, 5, 3, 1, 1
84	90, 5, 3, 1, 1
84	90, 5, 3, 1, 1
85	90, 5, 3, 1, 1
85	90, 5, 3, 1, 1
86	90, 5, 3, 1, 1
86	90, 5, 3, 1, 1
87	90, 5, 3, 1, 1
87	90, 5, 3, 1, 1
88	90, 5, 3, 1, 1
88	90, 5, 3, 1, 1
89	70, 20, 5, 3, 2
89	90, 5, 3, 1, 1
90	90, 5, 3, 1, 1
90	90, 5, 3, 1, 1
91	90, 5, 3, 1, 1
91	90, 5, 3, 1, 1
92	90, 5, 3, 1, 1
92	90, 5, 3, 1, 1
93	90, 5, 3, 1, 1
93	90, 5, 3, 1, 1
94	90, 5, 3, 1, 1
94	90, 5, 3, 1, 1
95	90, 5, 3, 1, 1
95	95, 3, 1, 0, 1
96	95, 3, 1, 0, 1
96	90, 5, 3, 1, 1
97	90, 5, 3, 1, 1
97	90, 5, 3, 1, 1
98	90, 5, 3, 1, 1
98	95, 3, 1, 1, 0
99	95, 3, 1, 1, 0
99	90, 5, 3, 1, 1
100	90, 5, 3, 1, 1
100	90, 5, 3, 1, 1
101	90, 5, 3, 1, 1
101	90, 5, 3, 1, 1
102	90, 5, 3, 1, 1
102	70, 15, 10, 3, 2
103	95, 3, 1, 0, 1
103	90, 5, 3, 1, 1
104	10, 5, 80, 3, 2
104	90, 5, 3, 1, 1
105	90, 5, 3, 1, 1
105	10, 5, 2, 1, 1
106	70, 15, 10, 3, 2
106	90, 5, 3, 1, 1
107	90, 5, 3, 1, 1
107	90, 5, 3, 1, 1
108	90, 5, 3, 1, 1
108	90, 5, 3, 1, 1
109	90, 5, 3, 1, 1
109	90, 5, 3, 1, 1
110	5, 0, 0, 0, 0
110	90, 5, 3, 1, 1
111	90, 5, 3, 1, 1
111	90, 5, 3, 1, 1
112	90, 5, 3, 1, 1
112	90, 5, 3, 1, 1
113	70, 15, 10, 3, 2
113	95, 3, 1, 0, 1
114	90, 5, 3, 1, 1
114	90, 5, 3, 1, 1
115	95, 3, 1, 0, 1
115	90, 5, 3, 1, 1
116	90, 5, 3, 1, 1
116	90, 5, 3, 1, 1
117	90, 5, 3, 1, 1
117	70, 20, 5, 3, 2
118	90, 5, 3, 1, 1
118	90, 5, 3, 1, 1
119	90, 5, 3, 1, 1
119	95, 3, 1, 0, 1
120	95, 3, 1, 0, 1
120	90, 5, 3, 1, 1
121	90, 5, 3, 1, 1
121	90, 5, 3, 1, 1
122	10, 80, 5, 3, 2
122	90, 5, 3, 1, 1
123	90, 5, 3, 1, 1
123	10, 5, 2, 1, 1
124	70, 20, 5, 3, 2
124	70, 20, 5, 3, 2
125	10, 5, 80, 3, 2
125	90, 5, 3, 1, 1
126	90, 5, 3, 1, 1
126	10, 5, 80, 3, 2
127	90, 5, 3, 1, 1
127	90, 5, 3, 1, 1
128	90, 5, 3, 1, 1
128	90, 5, 3, 1, 1
129	90, 5, 3, 1, 1
129	10, 70, 15, 3, 2
130	90, 5, 3, 1, 1
130	90, 5, 3, 1, 1
131	90, 5, 3, 1, 1
131	95, 3, 1, 0, 1
132	90, 5, 3, 1, 1
132	90, 5, 3, 1, 1
133	90, 5, 3, 1, 1
133	90, 5, 3, 1, 1
134	10, 5, 80, 3, 2
134	90, 5, 3, 1, 1
135	90, 5, 3, 1, 1
135	95, 3, 1, 0, 1
136	95, 3, 1, 0, 1
136	95, 3, 1, 0, 1
137	90, 5, 3, 1, 1
137	90, 5, 3, 1, 1
138	90, 5, 3, 1, 1
138	10, 5, 80, 3, 2
139	90, 5, 3, 1, 1
139	90, 5, 3, 1, 1
140	10, 5, 80, 3, 2
140	10, 70, 15, 3, 2
141	10, 70, 15, 3, 2
141	90, 5, 3, 1, 1
142	90, 5, 3, 1, 1
142	90, 5, 3, 1, 1
143	90, 5, 3, 1, 1
143	90, 5, 3, 1, 1
144	90, 5, 3, 1, 1
144	90, 5, 3, 1, 1
145	90, 5, 3, 1, 1
145	90, 5, 3, 1, 1
146	70, 20, 5, 3, 2
146	90, 5, 3, 1, 1
147	90, 5, 3, 1, 1
147	90, 5, 3, 1, 1
148	95, 3, 1, 0, 1
148	95, 3, 1, 0, 1
149	90, 5, 3, 1, 1
149	90, 5, 3, 1, 1
150	90, 5, 3, 1, 1
150	90, 5, 3, 1, 1
151	90, 5, 3, 1, 1
151	90, 5, 3, 1, 1
152	10, 70, 15, 3, 2
152	90, 5, 3, 1, 1
153	90, 5, 3, 1, 1
153	70, 20, 5, 3, 2
154	90, 5, 3, 1, 1
154	90, 5, 3, 1, 1
156	10, 90, 0, 0, 0
156	90, 5, 3, 1, 1
157	90, 5, 3, 1, 1
157	90, 5, 3, 1, 1
158	90, 5, 3, 1, 1
158	90, 5, 3, 1, 1
159	90, 5, 3, 1, 1
159	90, 5, 3, 1, 1
160	90, 5, 3, 1, 1
160	90, 5, 3, 1, 1
161	90, 5, 3, 1, 1
161	90, 5, 3, 1, 1
162	90, 5, 3, 1, 1
162	70, 20, 5, 3, 2
163	70, 20, 5, 3, 2
163	10, 5, 80, 3, 2
164	90, 5, 3, 1, 1
164	90, 5, 3, 1, 1
165	90, 5, 3, 1, 1
165	90, 5, 3, 1, 1
166	90, 5, 3, 1, 1
166	90, 5, 3, 1, 1
167	90, 5, 3, 1, 1
167	90, 5, 3, 1, 1
168	10, 80, 5, 3, 2
168	90, 5, 3, 1, 1
169	90, 5, 3, 1, 1
169	90, 5, 3, 1, 1
170	95, 3, 1, 0, 1
170	95, 3, 1, 0, 1
171	70, 20, 5, 3, 2
171	90, 5, 3, 1, 1
172	90, 5, 3, 1, 1
172	90, 5, 3, 1, 1
173	95, 3, 1, 0, 1
173	95, 3, 1, 0, 1
174	90, 5, 3, 1, 1
174	95, 3, 1, 0, 1
175	95, 3, 1, 0, 1
175	90, 5, 3, 1, 1
176	90, 5, 3, 1, 1
176	90, 5, 3, 1, 1
177	90, 5, 3, 1, 1
177	90, 5, 3, 1, 1
178	90, 5, 3, 1, 1
178	90, 5, 3, 1, 1
179	90, 5, 3, 1, 1
179	90, 5, 3, 1, 1
180	90, 5, 3, 1, 1
180	90, 5, 3, 1, 1
181	90, 5, 3, 1, 1
181	90, 5, 3, 1, 1
182	95, 3, 1, 0, 1
182	90, 5, 3, 1, 1
183	90, 5, 3, 1, 1
183	90, 5, 3, 1, 1
184	90, 5, 3, 1, 1
184	10, 70, 15, 3, 2
185	10, 30, 40, 15, 5
185	95, 3, 1, 0, 1
187	90, 5, 3, 1, 1
187	90, 5, 3, 1, 1
188	90, 5, 3, 1, 1
188	90, 5, 3, 1, 1
189	90, 5, 3, 1, 1
189	90, 5, 3, 1, 1
190	90, 5, 3, 1, 1
190	90, 5, 3, 1, 1
191	90, 5, 3, 1, 1
191	10, 80, 5, 3, 2
192	90, 5, 3, 1, 1
192	90, 5, 3, 1, 1
193	70, 20, 5, 3, 2
193	90, 5, 3, 1, 1
194	90, 5, 3, 1, 1
194	90, 5, 3, 1, 1
195	90, 5, 3, 1, 1
195	90, 5, 3, 1, 1
196	90, 5, 3, 1, 1
196	95, 3, 1, 0, 1
197	95, 3, 1, 0, 1
197	90, 5, 3, 1, 1
198	90, 5, 3, 1, 1
198	90, 5, 3, 1, 1
199	90, 5, 3, 1, 1
199	90, 5, 3, 1, 1
200	90, 5, 3, 1, 1
200	10, 5, 80, 3, 2
201	90, 5, 3, 1, 1
201	90, 5, 3, 1, 1
202	90, 5, 3, 1, 1
202	90, 5, 3, 1, 1
203	90, 5, 3, 1, 1
203	90, 5, 3, 1, 1
204	90, 5, 3, 1, 1
204	90, 5, 3, 1, 1
205	90, 5, 3, 1, 1
205	90, 5, 3, 1, 1
206	90, 5, 3, 1, 1
206	10, 5, 80, 3, 2
207	90, 5, 3, 1, 1
207	90, 5, 3, 1, 1
208	90, 5, 3, 1, 1
208	90, 5, 3, 1, 1
209	90, 5, 3, 1, 1
209	90, 5, 3, 1, 1
210	95, 3, 1, 0, 1
210	90, 5, 3, 1, 1
211	10, 80, 5, 3, 2
211	90, 5, 3, 1, 1
212	90, 5, 3, 1, 1
212	90, 5, 3, 1, 1
213	90, 5, 3, 1, 1
213	90, 5, 3, 1, 1
214	10, 5, 80, 3, 2
214	90, 5, 3, 1, 1
215	90, 5, 3, 1, 1
215	90, 5, 3, 1, 1
216	90, 5, 3, 1, 1
216	90, 5, 3, 1, 1
217	70, 20, 5, 3, 2
217	90, 5, 3, 1, 1
218	90, 5, 3, 1, 1
218	10, 70, 15, 3, 2
219	90, 5, 3, 1, 1
219	90, 5, 3, 1, 1
220	90, 5, 3, 1, 1
220	90, 5, 3, 1, 1
221	90, 5, 3, 1, 1
221	90, 5, 3, 1, 1
222	90, 5, 3, 1, 1
222	90, 5, 3, 1, 1
223	70, 20, 5, 3, 2
223	90, 5, 3, 1, 1
224	90, 5, 3, 1, 1
224	90, 5, 3, 1, 1
225	90, 5, 3, 1, 1
225	90, 5, 3, 1, 1
226	10, 5, 2, 1, 1
226	90, 5, 3, 1, 1
227	90, 5, 3, 1, 1
227	10, 70, 15, 3, 2
228	90, 5, 3, 1, 1
228	90, 5, 3, 1, 1
229	90, 5, 3, 1, 1
229	90, 5, 3, 1, 1
230	90, 5, 3, 1, 1
230	90, 5, 3, 1, 1
231	90, 5, 3, 1, 1
231	90, 5, 3, 1, 1
232	10, 5, 80, 3, 2
232	90, 5, 3, 1, 1
233	90, 5, 3, 1, 1
233	90, 5, 3, 1, 1
235	90, 5, 3, 1, 1
235	95, 3, 1, 0, 1
236	90, 5, 3, 1, 1
236	90, 5, 3, 1, 1
237	70, 20, 5, 3, 2
237	90, 5, 3, 1, 1
238	95, 3, 1, 0, 1
238	90, 5, 3, 1, 1
239	10, 20, 30, 20, 20
239	90, 5, 3, 1, 1
240	90, 5, 3, 1, 1
240	90, 5, 3, 1, 1
241	90, 5, 3, 1, 1
241	90, 5, 3, 1, 1
242	70, 20, 5, 3, 2
242	90, 5, 3, 1, 1
243	90, 5, 3, 1, 1
243	90, 5, 3, 1, 1
