2
26
30
37
65
86
90
97
101
144
149
158
183
209
227
245
247
263
270
278
282
291
299
301
308
311
317
320
325
329
339
348
350
354
355
358
372
397
401
403
421
443
476
499
501
506
511
536
541
543
565
602
608
615
621
625
630
653
657
663
670
686
702
704
723
729
744
768
769
770
771
809
811
812
824
832
843
844
846
854
877
891
900
909
911
918
922
930
953
956
964
994
1007
1036
1041
1053
1056
1061
1063
1084
1087
1106
1113
1136
1143
1163
1176
1220
1235
1238
1244
1247
1250
1265
1290
1299
1335
1363
1368
1382
1395
1408
1415
1422
1433
1440
1450
1458
1467
1469
1476
1496
1503
1518
1519
1528
1539
1546
1555
1556
1557
1564
1623
1648
1662
1681
1692
1696
1699
1737
1746
1753
1772
1778
1779
1787
1791
1794
1796
1799
1803
1805
1843
1850
1868
1878
1886
1893
1894
1909
1913
1930
1983
1992
1995
1998
2022
2028
2037
2038
2039
2042
2055
2063
2066
2069
2091
2092
2093
2097
2101
2106
2116
2121
2135
2137
2146
2152
2169
2187
2194
2195
2197
2211
2217
2240
2249
2252
2257
2275
2281
2290
2311
2318
2328
2330
2341
2353
2371
2380
2396
2401
2403
2413
2423
2446
2496
2516
2518
2519
2525
2535
2547
2549
2551
2559
2586
2592
2594
2601
2647
2656
2658
2665
2667
2674
2688
2689
2700
2703
2705
2711
2717
2724
2730
2743
2762
2775
2778
2781
2783
2803
2814
2817
2825
2856
2900
2927
2935
2956
2973
2989
3000
3002
3018
3023
3039
3044
3049
3051
3052
3065
3070
3085
3089
3096
3097
3101
3103
3114
3146
3183
3188
3202
3206
3245
3248
3256
3260
3263
3276
3296
3337
3341
3349
3352
3356
3392
3396
3404
3408
3410
3414
3417
3418
3419
3426
3436
3444
3470
3474
3483
3491
3501
3508
3555
3567
3573
3614
3618
3643
3656
3664
3673
3674
3685
3691
3705
3708
3713
3716
3719
3720
3736
3743
3757
3762
3771
3775
3778
3782
3793
3796
3800
3811
3812
3825
3827
3847
3849
3853
3865
3872
3874
3900
3917
3938
3941
3965
3970
3985
3991
4009
4013
4015
4016
4026
4040
4045
4051
4055
4057
4089
4095
4099
4100
4107
4108
4121
4147
4150
4155
4177
4185
4205
4218
4220
4230
4231
4238
4240
4241
4263
4265
4267
4271
4308
4310
4313
4334
4337
4339
4344
4358
4398
4414
4423
4435
4445
4448
4453
4462
4471
4487
4491
4504
4520
4540
4549
4550
4568
4569
4581
4602
4603
4664
4682
4689
4737
4742
4764
4767
4769
4785
4791
4797
4805
4815
4818
4820
4838
4847
4862
4866
4889
4890
4912
4927
4938
4944
4946
4955
4977
4994
5003
5015
5024
5044
5050
5068
5145
5155
5160
5161
5173
5174
5182
5192
5241
5249
5254
5259
5270
5273
5291
5294
5296
5303
5322
5324
5335
5339
5344
5346
5349
5364
5392
5397
5408
5417
5446
5447
5450
5460
5461
5468
5474
5482
5483
5504
5514
5539
5554
5558
5575
5582
5611
5633
5649
5656
5659
5682
5701
5703
5726
5747
5748
5765
5795
5810
5825
5857
5858
5868
5873
5886
5897
5907
5927
5928
5933
5973
5976
5980
5981
5983
6003
6005
6014
6056
6064
6069
6076
6105
6111
6115
6129
6157
6168
6171
6184
6197
6221
6222
6227
6242
6244
6250
6255
6284
6289
6290
6340
6344
6378
6385
6395
6399
6400
6408
6413
6420
6454
6471
6474
6482
6491
6494
6524
6547
6548
6567
6579
6591
6595
6598
6616
6634
6635
6664
6667
6670
6671
6693
6705
6708
6743
6747
6769
6791
6802
6803
6805
6817
6832
6837
6838
6841
6849
6864
6875
6886
6896
6902
6903
6908
6910
6922
6929
6933
6942
6953
6970
6972
6978
6983
6993
6994
6999
7008
7016
7021
7027
7030
7040
7073
7075
7110
7122
7126
7139
7154
7180
7231
7233
7255
7261
7266
7267
7283
7298
7310
7315
7328
7332
7357
7360
7368
7379
7404
7405
7419
7444
7445
7449
7450
7459
7470
7479
7482
7487
7500
7501
7524
7532
7549
7553
7570
7585
7591
7596
7615
7637
7669
7680
7687
7697
7703
7706
7710
7723
7751
7761
7770
7779
7796
7811
7812
7824
7851
7858
7865
7866
7872
7886
7887
7888
7891
7902
7908
7914
7920
7929
7948
7949
7953
7988
8007
8014
8025
8033
8036
8064
8073
8082
8089
8116
8121
8122
8140
8145
8151
8157
8167
8180
8184
8185
8192
8198
8202
8220
8223
8225
8235
8243
8272
8273
8300
8320
8328
8329
8346
8354
8369
8380
8395
8402
8414
8431
8478
8482
8487
8504
8506
8508
8542
8547
8560
8620
8688
8691
8699
8706
8708
8709
8714
8722
8752
8756
8760
8764
8775
8777
8802
8805
8840
8844
8850
8878
8897
8903
8907
8909
8914
8930
8952
8955
8957
8961
8963
8966
8969
8991
8993
9022
9026
9051
9071
9072
9077
9085
9095
9122
9170
9173
9190
9238
9240
9248
9255
9263
9279
9306
9307
9323
9324
9339
9351
9372
9419
9435
9441
9443
9452
9491
9495
9503
9505
9508
9519
9525
9527
9531
9540
9556
9560
9564
9576
9578
9584
9590
9599
9601
9620
9655
9661
9672
9699
9701
9714
9721
9737
9740
9754
9766
9782
9789
9802
9812
9814
9818
9829
9838
9839
9866
9881
9883
9888
9896
9919
9928
9937
9971
9976
9983
9984
9988
10003
10006
10013
10021
10037
10046
10078
10089
10102
10110
10133
10136
10148
10150
10173
10191
10207
10218
10220
10233
10237
10247
10277
10283
10308
10314
10331
10335
10371
10376
10399
10413
10418
10424
10438
10462
10465
10468
10472
10547
10560
10591
10608
10637
10638
10639
10642
10644
10658
10669
10678
10692
10696
10701
10708
10722
10752
10759
10771
10775
10776
10804
10827
10835
10878
10887
10901
10911
10916
10926
10927
10955
10978
10979
11000
11010
11020
11021
11023
11026
11039
11054
11073
11078
11102
11104
11105
11107
11109
11116
11150
11159
11176
11189
11197
11236
11238
11253
11273
11274
11282
11287
11313
11319
11320
11331