2	90, 5, 3, 1, 1
2	70, 20, 5, 3, 2
26	70, 20, 5, 3, 2
26	20, 5, 3, 2, 1
30	90, 5, 3, 1, 1
30	90, 5, 3, 1, 1
37	90, 5, 3, 1, 1
37	90, 5, 3, 1, 1
65	70, 20, 5, 3, 2
65	70, 20, 5, 3, 2
86	90, 5, 3, 1, 1
86	70, 20, 5, 3, 2
90	50, 30, 15, 3, 2
90	70, 20, 5, 3, 2
97	90, 5, 3, 1, 1
97	90, 5, 3, 1, 1
101	90, 5, 3, 1, 1
101	90, 5, 3, 1, 1
144	90, 5, 3, 1, 1
144	10, 5, 5, 80, 0
149	90, 5, 3, 1, 1
149	90, 5, 3, 1, 1
158	90, 5, 3, 1, 1
158	90, 5, 3, 1, 1
183	70, 20, 5, 3, 2
183	90, 5, 3, 1, 1
209	90, 5, 3, 1, 1
209	90, 5, 3, 1, 1

The summary covers the main topic of the article, which is Katy James being refused leave to remain due to her husband's income. However, it lacks key points such as the involvement of Immigration Minister James Brokenshire, the impact on their daughter Madeleine, and the response from their MP Caroline Ansell. Additionally, the summary could be more clear and detailed in presenting the information in a logical order.
227	90, 5, 3, 1, 1
227	70, 20, 5, 3, 2
245	90, 5, 3, 1, 1
245	90, 5, 3, 1, 1
247	70, 20, 5, 3, 2
247	90, 5, 3, 1, 1
263	70, 20, 5, 3, 2
263	70, 20, 5, 3, 2
270	90, 5, 3, 1, 1
270	90, 5, 3, 1, 1
278	10, 5, 80, 3, 2
278	90, 5, 3, 1, 1
282 90, 5, 3, 1, 1



This means that the summary is 90% likely to get a score of 5, 5% likely to get a score of 4, 3% likely to get a score of 3, 1% likely to get a score of 2, and 1% likely to get a score of 1. The summary covers the main topic and key points of the news article in a clear and logical order.
282	10, 5, 5, 3, 2
291	10, 5, 2, 1, 1
291	10, 5, 5, 5, 75
299	90, 5, 3, 1, 1
299	90, 5, 3, 1, 1
301	90, 5, 3, 1, 1
301	90, 5, 3, 1, 1
308	90, 5, 3, 1, 1
308	70, 20, 5, 3, 2
311	90, 5, 3, 1, 1
311	50, 30, 15, 3, 2
317	70, 20, 5, 3, 2
317	90, 5, 3, 1, 1
320	90, 5, 3, 1, 1
320	90, 5, 3, 1, 1
325	90, 5, 3, 1, 1
325	90, 5, 3, 1, 1
329	90, 5, 3, 1, 1
329	90, 5, 3, 1, 1
339	90, 5, 3, 1, 1
339	90, 5, 3, 1, 1
348	70, 20, 5, 3, 2
348	70, 20, 5, 3, 2
350	90, 5, 3, 1, 1
350	50, 30, 15, 3, 2
354	90, 5, 3, 1, 1
354	90, 5, 3, 1, 1
355	90, 5, 3, 1, 1
355	90, 5, 3, 1, 1
358	90, 5, 3, 1, 1
358	90, 5, 3, 1, 1
372	90, 5, 3, 1, 1
372	70, 20, 5, 3, 2
397	90, 5, 3, 1, 1

The summary covers the main topic of Mr Evans' career and current position in the civil service, but it lacks key points such as his upcoming role as the successor to Ian Jones and his educational background and previous positions. It presents the information in a clear and logical order, but it is missing important details that were included in the news article.
397	90, 5, 3, 1, 1
401	90, 5, 3, 1, 1
401	90, 5, 3, 1, 1
403	90, 5, 3, 1, 1
403	90, 5, 3, 1, 1
421	70, 20, 5, 3, 2
421	70, 20, 5, 3, 2
443	10, 80, 5, 3, 2
443	70, 20, 5, 3, 2
476	90, 5, 3, 1, 1
476	70, 20, 5, 3, 2
499	90, 5, 3, 1, 1
499	90, 5, 3, 1, 1
501	90, 5, 3, 1, 1
501	70, 20, 5, 3, 2
506	90, 5, 3, 1, 1
506	70, 20, 5, 3, 2
511	10, 5, 5, 5, 75
511	90, 5, 3, 1, 1
536	90, 5, 3, 1, 1
536	90, 5, 3, 1, 1
541	90, 5, 3, 1, 1
541	20, 10, 5, 3, 2
543	70, 15, 10, 3, 2
543	90, 5, 3, 1, 1
565	90, 5, 3, 1, 1
565	90, 5, 3, 1, 1
602	70, 20, 5, 3, 2
602	90, 5, 3, 1, 1
608	10, 5, 5, 80, 0
608	90, 5, 3, 1, 1
615	90, 5, 3, 1, 1
615	70, 20, 5, 3, 2
621	90, 5, 3, 1, 1
621	90, 5, 3, 1, 1
625	90, 5, 3, 1, 1
625	90, 5, 3, 1, 1
630	100, 0, 0, 0, 0
630	90, 5, 3, 1, 1
653	90, 5, 3, 1, 1
653	90, 5, 3, 1, 1
657	90, 5, 3, 1, 1
657	90, 5, 3, 1, 1
663	90, 5, 3, 1, 1
663	90, 5, 3, 1, 1
670	70, 20, 5, 3, 2
670	70, 20, 5, 3, 2
686	90, 5, 3, 1, 1
686	90, 5, 3, 1, 1
702	90, 5, 3, 1, 1
702	90, 5, 3, 1, 1
704	70, 20, 5, 3, 2
704	90, 5, 3, 1, 1
723	90, 5, 3, 1, 1
723	20, 10, 5, 3, 2
729	70, 20, 5, 3, 2
729	90, 5, 3, 1, 1
744	90, 5, 3, 1, 1
744	20, 5, 5, 3, 2
768	70, 20, 5, 3, 2
768	90, 5, 3, 1, 1
769	10, 5, 5, 80, 0
769	90, 5, 3, 1, 1
770	90, 5, 3, 1, 1
770	70, 20, 5, 3, 2
771	90, 5, 3, 1, 1
771	90, 5, 3, 1, 1
809	90, 5, 3, 1, 1
809	70, 20, 5, 3, 2
811	90, 5, 3, 1, 1
811	90, 5, 3, 1, 1

The summary covers the main topic of the article, which is about the hatched chicks being a surprise for the staff at Mountfitchet Castle. However, it fails to mention the animated replica boar and the nests created next to it, which are key points in the article. The summary is clear and logical but lacks important details from the news article.
812	90, 5, 3, 1, 1
812	90, 5, 3, 1, 1
824	90, 5, 3, 1, 1
824	90, 5, 3, 1, 1
832	10, 5, 5, 5, 75
832	90, 5, 3, 1, 1
843	90, 5, 3, 1, 1

The summary covers one key point from the news article, which is the decline in Leicester's position in the table since Vardy's last club goal. However, it fails to mention Vardy's goal drought, his form compared to last season, and Ranieri's comments about Vardy's performance and mindset. The summary lacks the main topic and key points of the news article and does not present them in a clear and logical order.
843	90, 5, 3, 1, 1
844	95, 3, 1, 0, 1
844	90, 5, 3, 1, 1
846	95, 3, 1, 0, 1
846	90, 5, 3, 1, 1
854	90, 5, 3, 1, 1
854	90, 5, 3, 1, 1
877	70, 20, 5, 3, 2
877	10, 5, 3, 1, 1
891	90, 5, 3, 1, 1
891	90, 5, 3, 1, 1
900	90, 5, 3, 1, 1
900	90, 5, 3, 1, 1
909	90, 5, 3, 1, 1
909	90, 5, 3, 1, 1
911	90, 5, 3, 1, 1
911	90, 5, 3, 1, 1
918	90, 5, 3, 1, 1
918	90, 5, 3, 1, 1
922	90, 5, 3, 1, 1
922	90, 5, 3, 1, 1
930	90, 5, 3, 1, 1
930	90, 5, 3, 1, 1
953	90, 5, 3, 1, 1
953	90, 5, 3, 1, 1
956	90, 5, 3, 1, 1
956	70, 20, 5, 3, 2
964	70, 20, 5, 3, 2
964	90, 5, 3, 1, 1
994	20, 30, 40, 5, 5
994	90, 5, 3, 1, 1
1007	90, 5, 3, 1, 1
1007	10, 5, 5, 5, 75
1036	90, 5, 3, 1, 1
1036	70, 20, 5, 3, 2
1041	70, 20, 5, 3, 2
1041	90, 5, 3, 1, 1
1053	90, 5, 3, 1, 1
1053	70, 20, 5, 3, 2
1056	90, 5, 3, 1, 1

The summary covers the main topic of the article, which is the Cobblers' current position in the League Two automatic promotion places. However, it fails to mention key points such as the new owner Kelvin Thomas paying unpaid tax, the administration petition brought by Northampton Borough Council, and the deal between Thomas and the council regarding a loan for redevelopment work. The summary lacks clarity and logical order as it jumps straight to the team's current position without providing context.
1056	90, 5, 3, 1, 1
1061	90, 5, 3, 1, 1
1061	50, 30, 15, 3, 2
1063	70, 20, 5, 3, 2
1063	70, 20, 5, 3, 2
1084	90, 5, 3, 1, 1
1084	90, 5, 3, 1, 1
1087	70, 20, 5, 3, 2
1087	0, 0, 0, 0, 100
1106	95, 3, 1, 1, 0

The summary covers the main topic and key points of the news article accurately. It presents the information in a clear and logical order. There is a very high likelihood that it will receive a score of 5.
1106	70, 20, 5, 3, 2
1113	90, 5, 3, 1, 1
1113	90, 5, 3, 1, 1
1136	90, 5, 3, 1, 1
1136	70, 20, 5, 3, 2
1143	90, 5, 3, 1, 1
1143	95, 3, 1, 0, 1
1163	90, 5, 3, 1, 1
1163	90, 5, 3, 1, 1
1176	90, 5, 3, 1, 1
1176	90, 5, 3, 1, 1
1220	90, 5, 3, 1, 1
1220	70, 20, 5, 3, 2
1235	10, 80, 5, 3, 2
1235	90, 5, 3, 1, 1
1238	90, 5, 3, 1, 1
1238	90, 5, 3, 1, 1
1244	90, 5, 3, 1, 1
1244	90, 5, 3, 1, 1
1247	90, 5, 3, 1, 1
1247	90, 5, 3, 1, 1
1250	50, 30, 15, 3, 2
1250	90, 5, 3, 1, 1
1265	85, 10, 3, 1, 1
1265	90, 5, 3, 1, 1
1290	90, 5, 3, 1, 1
1290	90, 5, 3, 1, 1
1299	90, 5, 3, 1, 1
1299	90, 5, 3, 1, 1
1335	90, 5, 3, 1, 1
1335	70, 20, 5, 3, 2
1363	90, 5, 3, 1, 1
1363	90, 5, 3, 1, 1
1368	90, 5, 3, 1, 1
1368	70, 20, 5, 3, 2

The summary covers the main topic of air pollution in Paris and its impact on health, mentioning the case of Clotilde Nonnez and her legal action against the state. It presents the key points in a clear and logical order, but it could provide more details and context from the original article to enhance the summary.
1382	90, 5, 3, 1, 1
1382	90, 5, 3, 1, 1
1395	70, 20, 5, 3, 2
1395	70, 20, 5, 3, 2
1408	90, 5, 3, 1, 1
1408	70, 20, 5, 3, 2
1415	95, 3, 1, 0, 1

The summary covers the main topic of the article, which is the closure of the museum for renovations and expansion of display space. However, it lacks key points such as the funding sources for the project, the history of the Burrell collection, and the future plans for the museum. The summary is clear and presented in a logical order, but it does not provide enough information from the article to warrant a high score.
1415	90, 5, 3, 1, 1
1422	95, 3, 1, 0, 1
1422	90, 5, 3, 1, 1

The summary accurately captures one key point from the news article, which is the marking of the twins' birth with 42 canon shots. However, it fails to mention other important details such as the twins' names, their father being Prince Albert II, and the succession laws that determine Prince Jacques as next in line to the throne. The summary lacks context and does not provide a clear and logical order of the main topic and key points discussed in the news article.
1433	90, 5, 2, 2, 1
1433	90, 5, 3, 1, 1
1440	90, 5, 3, 1, 1
1440	70, 20, 5, 3, 2
1450	10, 5, 5, 80, 0
1450	90, 5, 3, 1, 1
1458	70, 20, 5, 3, 2
1458	90, 5, 3, 1, 1
1467	70, 20, 5, 3, 2
1467	90, 5, 3, 1, 1
1469	90, 5, 3, 1, 1
1469	90, 5, 3, 1, 1
1476	70, 15, 10, 3, 2
1476	90, 5, 3, 1, 1
1496	90, 5, 3, 1, 1
1496	90, 5, 3, 1, 1
1503	70, 20, 5, 3, 2
1503	90, 5, 3, 1, 1
1518	20, 10, 5, 3, 2
1518	90, 5, 3, 1, 1
1519	90, 5, 3, 1, 1

The summary covers the main topic and key points of the news article by mentioning the man in his 20s being the only person in the BMW convertible during the accident on the A323 Aldershot Road in Guildford. However, it lacks the information about the road closure and the police appeal for witnesses, which are important details in the article. Overall, the summary presents the main topic but misses some key points.
1519	95, 3, 1, 0, 1
1528	90, 5, 3, 1, 1
1528	100, 0, 0, 0, 0
1539	90, 5, 3, 1, 1
1539	10, 5, 2, 1, 1
1546	90, 5, 3, 1, 1
1546	90, 5, 3, 1, 1
1555	90, 5, 3, 1, 1
1555	90, 5, 3, 1, 1
1556	90, 5, 3, 1, 1
1556	90, 5, 3, 1, 1
1557	90, 5, 3, 1, 1
1557	10, 5, 80, 3, 2
1564	90, 5, 3, 1, 1
1564	90, 5, 3, 1, 1
1623	90, 5, 3, 1, 1
1623	80, 10, 5, 3, 2
1648	90, 5, 3, 1, 1
1648	90, 5, 3, 1, 1
1662	10, 5, 5, 5, 75
1662	70, 20, 5, 3, 2
1692	90, 5, 3, 1, 1
1692	70, 20, 5, 3, 2
1696	90, 5, 3, 1, 1
1696	90, 5, 3, 1, 1
1699	70, 20, 5, 3, 2
1699	90, 5, 3, 1, 1
1737	90, 5, 3, 1, 1
1737	90, 5, 3, 1, 1
1746	90, 5, 3, 1, 1
1746	90, 5, 3, 1, 1
1753	90, 5, 3, 1, 1
1753	70, 20, 5, 3, 2
1772	90, 5, 2, 2, 1
1772	90, 5, 3, 1, 1
1778	90, 5, 3, 1, 1
1778	90, 5, 3, 1, 1
1779	90, 5, 3, 1, 1
1779	90, 5, 3, 1, 1
1787	90, 5, 3, 1, 1
1787	90, 5, 3, 1, 1
1791	50, 30, 10, 5, 5
1791	70, 20, 5, 3, 2
1794	70, 20, 5, 3, 2
1794	95, 3, 1, 0, 1
1796	90, 5, 3, 1, 1
1796	50, 30, 10, 5, 5
1799	70, 20, 5, 3, 2
1799	90, 5, 3, 1, 1
1803	90, 5, 3, 1, 1
1803	90, 5, 3, 1, 1
1805	90, 5, 3, 1, 1
1805	70, 20, 5, 3, 2
1843	70, 20, 5, 3, 2
1843	90, 5, 3, 1, 1
1850	70, 20, 5, 3, 2
1850	90, 5, 3, 1, 1
1868	90, 5, 3, 1, 1
1868	70, 20, 5, 3, 2
1878	90, 5, 3, 1, 1
1878	90, 5, 3, 1, 1
1886	70, 20, 5, 3, 2
1886	90, 5, 3, 1, 1
1893	90, 5, 3, 1, 1
1893	70, 20, 5, 3, 2
1894	90, 5, 3, 1, 1
1894	90, 5, 3, 1, 1
1909	90, 5, 3, 1, 1
1909	90, 5, 3, 1, 1
1913	70, 20, 5, 3, 2
1913	90, 5, 3, 1, 1
1930	70, 20, 5, 3, 2
1930	90, 5, 3, 1, 1
1983	90, 5, 3, 1, 1
1983	70, 20, 5, 3, 2
1992	90, 5, 3, 1, 1
1992	70, 20, 5, 3, 2
1995	90, 5, 3, 1, 1
1995	90, 5, 3, 1, 1
1998	70, 20, 5, 3, 2
1998	90, 5, 3, 1, 1
2022	90, 5, 3, 1, 1
2022	90, 5, 3, 1, 1
2028	70, 20, 5, 3, 2
2028	90, 5, 3, 1, 1
2037	70, 20, 5, 3, 2

The summary only covers one small aspect of the news article, focusing on Johnny McGurk's football achievements in 1993. It does not mention the main topic of him being accused of theft from a quarry firm and the details of the charges against him. The summary is not clear and does not present the key points in a logical order.
2037	90, 5, 3, 1, 1
2038	95, 3, 1, 0, 1
2038	95, 3, 1, 0, 1
2039	90, 5, 3, 1, 1
2039	90, 5, 3, 1, 1
2042	10, 5, 5, 80, 0
2042	20, 70, 5, 3, 2
2055	90, 5, 3, 1, 1
2055	90, 5, 3, 1, 1
2063	90, 5, 3, 1, 1
2063	70, 20, 5, 3, 2
2066	90, 5, 3, 1, 1
2066	90, 5, 3, 1, 1
2069	90, 5, 3, 1, 1
2069	90, 5, 3, 1, 1
2091	70, 20, 5, 3, 2
2091	95, 3, 1, 1, 0
2092	90, 5, 3, 1, 1
2092	90, 5, 2, 2, 1
2093	70, 20, 5, 3, 2
2093	90, 5, 3, 1, 1
2097	70, 20, 5, 3, 2
2097	70, 15, 10, 3, 2
2101	90, 5, 3, 1, 1
2101	90, 5, 3, 1, 1
2106	10, 5, 5, 5, 75
2106	90, 5, 3, 1, 1
2116	90, 5, 3, 1, 1
2116	90, 5, 3, 1, 1
2121	90, 5, 3, 1, 1
2121	90, 5, 3, 1, 1
2135	90, 5, 3, 1, 1
2135	20, 10, 5, 3, 2
2137	90, 5, 3, 1, 1
2137	90, 5, 3, 1, 1
2146	90, 5, 3, 1, 1
2146	70, 20, 5, 3, 2
2152	90, 5, 3, 1, 1

The summary covers the main topic of the news article, which is the fire incident involving a wheelie bin in Craigton Place, Winchburgh. However, it lacks key points such as the damage to the gas pipe, the evacuation of 30 homes, and the police treating the blaze as wilful fire-raising. Additionally, it does not mention the appeal for information from the police. Overall, the summary is clear but lacks important details from the article.
2152	90, 5, 3, 1, 1
2169	10, 5, 80, 3, 2
2169	90, 5, 3, 1, 1
2187	90, 5, 3, 1, 1
2187	90, 5, 3, 1, 1
2194	10, 5, 5, 80, 0
2194	70, 20, 5, 3, 2
2195	10, 5, 80, 3, 2
2195	90, 5, 3, 1, 1
2197	90, 5, 3, 1, 1
2197	70, 20, 5, 3, 2
2211	70, 20, 5, 3, 2
2211	70, 20, 5, 3, 2
2217	95, 3, 1, 0, 1
2217	90, 5, 3, 1, 1
2240	90, 5, 3, 1, 1
2240	90, 5, 3, 1, 1
2249	90, 5, 3, 1, 1
2249	70, 20, 5, 3, 2
2252	90, 5, 3, 1, 1
2252	90, 5, 3, 1, 1
2257	70, 20, 5, 3, 2
2257	70, 20, 5, 3, 2
2275	90, 5, 3, 1, 1
2275	90, 5, 3, 1, 1
2281	90, 5, 3, 1, 1
2281	90, 5, 3, 1, 1
2290	90, 5, 3, 1, 1
2290	90, 5, 3, 1, 1
2311	90, 5, 3, 1, 1
2311	90, 5, 3, 1, 1
2318	90, 5, 3, 1, 1
2318	90, 5, 3, 1, 1
2328	90, 5, 3, 1, 1
2328	70, 20, 5, 3, 2
2330	90, 5, 3, 1, 1
2330	90, 5, 3, 1, 1
2341	90, 5, 3, 1, 1
2341	90, 5, 3, 1, 1
2353	90, 5, 3, 1, 1
2353    90, 5, 3, 1, 1
2371	90, 5, 3, 1, 1
2371	95, 3, 1, 0, 1
2380	90, 5, 3, 1, 1
2380	70, 20, 5, 3, 2
2396	95, 3, 1, 0, 1
2396	70, 20, 5, 3, 2
2401	90, 5, 3, 1, 1
2401	70, 20, 5, 3, 2
2403	90, 5, 3, 1, 1
2403	90, 5, 3, 1, 1
2413	90, 5, 3, 1, 1
2413	90, 5, 3, 1, 1
2423	90, 5, 3, 1, 1
2423	20, 60, 10, 5, 5
2446	90, 5, 3, 1, 1
2446	90, 5, 3, 1, 1
2496	90, 5, 3, 1, 1
2496	90, 5, 3, 1, 1
2516	80, 10, 5, 3, 2
2516	70, 20, 5, 3, 2
2518	70, 20, 5, 3, 2
2518	90, 5, 3, 1, 1
2519	90, 5, 3, 1, 1
2519	90, 5, 3, 1, 1
2525	90, 5, 3, 1, 1
2525	70, 20, 5, 3, 2
2535	90, 5, 3, 1, 1
2535	90, 5, 3, 1, 1
2547	90, 5, 3, 1, 1
2547	70, 20, 5, 3, 2
2549	90, 5, 3, 1, 1
2549	90, 5, 3, 1, 1
2551	70, 20, 5, 3, 2
2551	50, 30, 10, 5, 5
2559	90, 5, 3, 1, 1
2559	70, 20, 5, 3, 2
2586	90, 5, 3, 1, 1
2586	90, 5, 3, 1, 1
2592	70, 20, 5, 3, 2
2592	20, 30, 30, 15, 5
2594	70, 20, 5, 3, 2
2594	90, 5, 3, 1, 1
2601	90, 5, 3, 1, 1
2601	90, 5, 3, 1, 1
2647	90, 5, 3, 1, 1
2647	90, 5, 3, 1, 1
2656	10, 20, 50, 15, 5
2656	90, 5, 3, 1, 1
2658	70, 20, 5, 3, 2
2658	70, 20, 5, 3, 2
2665	90, 5, 3, 1, 1
2665	90, 5, 3, 1, 1
2667	80, 10, 5, 3, 2
2667	90, 5, 3, 1, 1
2674	90, 5, 3, 1, 1
2674	90, 5, 3, 1, 1
2688	90, 5, 3, 1, 1
2688	95, 3, 1, 0, 1
2689	90, 5, 3, 1, 1
2689	90, 5, 3, 1, 1
2700	90, 5, 3, 1, 1
2700	90, 5, 3, 1, 1
2703	90, 5, 3, 1, 1
2703	90, 5, 3, 1, 1
2705	90, 5, 3, 1, 1
2705	70, 20, 5, 3, 2
2711	90, 5, 3, 1, 1
2711	70, 20, 5, 3, 2
2717	70, 20, 5, 3, 2
2717	90, 5, 3, 1, 1
2724	90, 5, 3, 1, 1
2724	90, 5, 3, 1, 1
2730	90, 5, 3, 1, 1
2730	90, 5, 3, 1, 1
2743	90, 5, 3, 1, 1
2743	70, 20, 5, 3, 2
2762	70, 20, 5, 3, 2
2762	70, 20, 5, 3, 2
2775	90, 5, 3, 1, 1
2775	90, 5, 3, 1, 1
2778	70, 20, 5, 3, 2
2778	70, 20, 5, 3, 2
2781	90, 5, 3, 1, 1
2781	90, 5, 3, 1, 1
2783	70, 20, 5, 3, 2
2783	90, 5, 3, 1, 1
2803	90, 5, 3, 1, 1
2803	90, 5, 3, 1, 1
2814	90, 5, 3, 1, 1
2814	90, 5, 3, 1, 1
2817	90, 5, 3, 1, 1
2817	90, 5, 3, 1, 1
2825	90, 5, 3, 1, 1
2825	70, 15, 10, 3, 2
2856	70, 20, 5, 3, 2
2856	95, 3, 1, 0, 1

The summary covers the main topic and key points of the news article, mentioning the escape of the sturgeon named Steve from World of Water due to flood water. However, it lacks the additional information about the discovery of Steve in a deep puddle at a car wash a mile away, the escape of a koi carp fish named Chadwick, and the reopening of the centre after being closed for three weeks. The summary presents the information in a clear and logical order.
2900	90, 5, 3, 1, 1
2900	90, 5, 3, 1, 1
2927	90, 5, 3, 1, 1
2927	90, 5, 3, 1, 1
2935	90, 5, 3, 1, 1
2935	90, 5, 3, 1, 1
2956	90, 5, 3, 1, 1
2956	90, 5, 3, 1, 1
2973	90, 5, 3, 1, 1

The summary covers the main topic of the article, which is the Aberdeen Comedy Festival featuring various comedians and events. However, it lacks information about the organizers, the number of venues, and the goal of putting Aberdeen on the comedy map. The summary is clear and presents the information in a logical order, but it misses key points from the article.
2973	90, 5, 3, 1, 1

The summary covers the main topic and key points of the news article, mentioning the inaugural event, the comedians involved, and the organizers. However, it lacks information about the city centre venues, events for children, and the goal of putting Aberdeen on the comedy map. Overall, the summary is clear and logical but could be more comprehensive.
2989	70, 20, 5, 3, 2
2989	90, 5, 3, 1, 1
3000	90, 5, 3, 1, 1
3000	90, 5, 3, 1, 1
3002	90, 5, 3, 1, 1
3002	70, 20, 5, 3, 2
3018	70, 20, 5, 3, 2
3018	70, 20, 5, 3, 2
3023	70, 20, 5, 3, 2
3023	90, 5, 3, 1, 1
3039	70, 20, 5, 3, 2
3039	20, 10, 5, 3, 2
3044	90, 5, 3, 1, 1
3044	70, 20, 5, 3, 2
3049	80, 10, 5, 3, 2

The summary covers a key point from the article, mentioning Liam Neeson's hurling background and connection to the upcoming All-Ireland club hurling final. However, it lacks information about the club Ruairí Óg Cushendall and their chances of winning the title, as well as the details about the live broadcast of the final. Overall, the summary is clear and logical but could be more comprehensive.
3049	95, 3, 1, 0, 1
3051	70, 20, 5, 3, 2
3051	90, 5, 3, 1, 1
3052	90, 5, 3, 1, 1
3052	70, 20, 5, 3, 2
3065	90, 5, 3, 1, 1
3065	90, 5, 3, 1, 1
3070	95, 3, 1, 0, 1
3070	90, 5, 3, 1, 1
3085	90, 5, 3, 1, 1
3085	95, 3, 1, 0, 1
3089	90, 5, 3, 1, 1
3089	10, 5, 5, 5, 75
3096	10, 5, 5, 80, 0
3096	90, 5, 3, 1, 1
3097	90, 5, 3, 1, 1
3097	90, 5, 3, 1, 1
3101	90, 5, 3, 1, 1
3101	90, 5, 3, 1, 1
3103	90, 5, 3, 1, 1
3103	90, 5, 3, 1, 1
3114	70, 20, 5, 3, 2
3114	70, 20, 5, 3, 2
3146	90, 5, 3, 1, 1
3146	90, 5, 3, 1, 1
3183	90, 5, 3, 1, 1
3183	90, 5, 3, 1, 1
3188	90, 5, 3, 1, 1
3188	90, 5, 3, 1, 1
3202	10, 5, 3, 1, 1
3202	90, 5, 3, 1, 1
3206	70, 20, 5, 3, 2
3206	20, 10, 5, 3, 2
3245	90, 5, 3, 1, 1
3245	70, 20, 5, 3, 2
3248	90, 5, 3, 1, 1
3248	90, 5, 3, 1, 1
3256	90, 5, 3, 1, 1
3256	90, 5, 3, 1, 1
3260	90, 5, 3, 1, 1
3260	90, 5, 3, 1, 1
3263	10, 20, 50, 15, 5
3263	70, 20, 5, 3, 2
3276	90, 5, 3, 1, 1
3276	90, 5, 3, 1, 1
3337	90, 5, 3, 1, 1
3337	70, 20, 5, 3, 2
3341	90, 5, 3, 1, 1
3341	90, 5, 3, 1, 1
3349	70, 20, 5, 3, 2
3349	90, 5, 3, 1, 1

The summary covers the main topic of the article, which is the petition to change the name of the airport and the number of signatures gathered. However, it lacks key points such as the reason behind the name change proposal and the background information about previous suggestions for renaming the airport. The summary presents the information in a clear and logical order, but it could be improved by including more details from the article.
3352	90, 5, 3, 1, 1
3352	20, 5, 2, 1, 1
3356	90, 5, 3, 1, 1
3356	70, 20, 5, 3, 2
3392	90, 5, 3, 1, 1
3392	70, 20, 5, 3, 2
3396	10, 80, 5, 3, 2
3396	70, 20, 5, 3, 2
3404	90, 5, 3, 1, 1
3404	70, 20, 5, 3, 2
3408	70, 20, 5, 3, 2
3408	90, 5, 3, 1, 1
3410	90, 5, 3, 1, 1
3410	90, 5, 3, 1, 1
3414	70, 20, 5, 3, 2
3414	90, 5, 3, 1, 1
3417	90, 5, 3, 1, 1
3417	90, 5, 3, 1, 1
3418	70, 20, 5, 3, 2
3418	90, 5, 3, 1, 1
3419	90, 5, 3, 1, 1
3419	70, 20, 5, 3, 2
3426	70, 20, 5, 3, 2
3426	90, 5, 3, 1, 1
3436	90, 5, 3, 1, 1
3436	90, 5, 3, 1, 1
3444	90, 5, 3, 1, 1
3444	90, 5, 3, 1, 1
3470	10, 5, 5, 5, 75
3470	70, 20, 5, 3, 2
3474	70, 20, 5, 3, 2
3474	20, 10, 5, 3, 2
3483	90, 5, 3, 1, 1
3483	90, 5, 3, 1, 1
3491	90, 5, 3, 1, 1
3491	90, 5, 3, 1, 1
3501	90, 5, 3, 1, 1
3501	90, 5, 3, 1, 1
3508	90, 5, 3, 1, 1
3508	90, 5, 3, 1, 1
3555	70, 20, 5, 3, 2
3555	70, 20, 5, 3, 2
3567	90, 5, 3, 1, 1
3567	90, 5, 3, 1, 1
3573	70, 20, 5, 3, 2
3573	70, 20, 5, 3, 2
3614	90, 5, 3, 1, 1
3614	90, 5, 3, 1, 1
3618	70, 20, 5, 3, 2
3618	90, 5, 3, 1, 1
3643	90, 5, 3, 1, 1
3643	70, 20, 5, 3, 2
3656	90, 5, 3, 1, 1
3656	90, 5, 3, 1, 1
3664	90, 5, 3, 1, 1
3664	70, 20, 5, 3, 2
3673	90, 5, 3, 1, 1
3673	90, 5, 3, 1, 1
3674	90, 5, 3, 1, 1
3674	90, 5, 3, 1, 1
3685	90, 5, 3, 1, 1
3685	90, 5, 3, 1, 1
3691	90, 5, 3, 1, 1
3691	90, 5, 3, 1, 1
3705	70, 20, 5, 3, 2
3705	90, 5, 3, 1, 1
3708	10, 5, 5, 80, 0
3708	90, 5, 3, 1, 1
3713	90, 5, 3, 1, 1
3713	70, 20, 5, 3, 2
3716	90, 5, 3, 1, 1
3716	90, 5, 3, 1, 1
3719	70, 20, 5, 3, 2
3719	90, 5, 3, 1, 1
3720	80, 10, 5, 3, 2
3720	90, 5, 3, 1, 1
3736	90, 5, 3, 1, 1
3736	90, 5, 3, 1, 1
3743	90, 5, 3, 1, 1
3743	90, 5, 3, 1, 1
3757	90, 5, 3, 1, 1
3757	90, 5, 3, 1, 1
3762	50, 30, 15, 3, 2
3762	90, 5, 3, 1, 1
3771	90, 5, 3, 1, 1
3771	90, 5, 3, 1, 1
3775	90, 5, 3, 1, 1
3775	95, 3, 1, 0, 1
3778	90, 5, 3, 1, 1
3778	90, 5, 3, 1, 1
3782	90, 5, 3, 1, 1
3782	10, 80, 5, 3, 2
3793	90, 5, 3, 1, 1
3793	70, 20, 5, 3, 2
3796	70, 20, 5, 3, 2
3796	90, 5, 3, 1, 1
3800	70, 20, 5, 3, 2
3800	10, 5, 5, 5, 75
3811	70, 20, 5, 3, 2
3811	70, 20, 5, 3, 2
3812	90, 5, 3, 1, 1
3812	90, 5, 3, 1, 1
3825	10, 5, 3, 1, 1
3825	90, 5, 3, 1, 1
3827	90, 5, 3, 1, 1
3827	90, 5, 3, 1, 1
3847	90, 5, 3, 1, 1
3847	70, 20, 5, 3, 2
3849	90, 5, 3, 1, 1
3849	90, 5, 3, 1, 1
3853	20, 10, 5, 3, 2
3853	90, 5, 3, 1, 1
3865	90, 5, 3, 1, 1
3865	90, 5, 3, 1, 1
3872	90, 5, 3, 1, 1
3872	70, 20, 5, 3, 2
3874	90, 5, 3, 1, 1
3874	90, 5, 3, 1, 1
3900	90, 5, 3, 1, 1
3900	90, 5, 3, 1, 1
3917	95, 3, 1, 0, 1
3917	70, 20, 5, 3, 2
3938	90, 5, 3, 1, 1
3938	90, 5, 3, 1, 1
3941	90, 5, 3, 1, 1
3941	90, 5, 3, 1, 1
3965	70, 20, 5, 3, 2
3965	90, 5, 3, 1, 1
3970	90, 5, 3, 1, 1
3970	90, 5, 3, 1, 1
3985	70, 20, 5, 3, 2
3985	70, 20, 5, 3, 2
3991	20, 10, 5, 3, 2
3991	90, 5, 3, 1, 1
4009	90, 5, 3, 1, 1
4009	20, 5, 2, 1, 1
4013	70, 20, 5, 3, 2
4013	70, 20, 5, 3, 2
4015	70, 20, 5, 3, 2
4015	90, 5, 3, 1, 1
4016	90, 5, 3, 1, 1
4016	90, 5, 3, 1, 1
4026	90, 5, 3, 1, 1
4026	90, 5, 3, 1, 1
4040	90, 5, 3, 1, 1
4040	90, 5, 3, 1, 1
4045	70, 20, 5, 3, 2
4045	90, 5, 3, 1, 1
4051	90, 5, 3, 1, 1
4051	90, 5, 3, 1, 1
4055	90, 5, 3, 1, 1
4055	90, 5, 3, 1, 1
4057	90, 5, 3, 1, 1
4057	70, 20, 5, 3, 2
4089	90, 5, 3, 1, 1
4089	20, 10, 5, 3, 2
4095	90, 5, 3, 1, 1
4095	70, 20, 5, 3, 2
4099	70, 20, 5, 3, 2
4099	90, 5, 3, 1, 1
4100	90, 5, 3, 1, 1
4100	70, 15, 10, 3, 2
4107	70, 20, 5, 3, 2
4107	90, 5, 3, 1, 1
4108	10, 5, 5, 80, 0
4108	90, 5, 3, 1, 1
4121	90, 5, 3, 1, 1
4121	90, 5, 3, 1, 1
4147	90, 5, 3, 1, 1
4147	70, 20, 5, 3, 2
4150	90, 5, 3, 1, 1
4150	10, 5, 5, 80, 0
4155	20, 10, 5, 3, 2
4155	70, 20, 5, 3, 2
4177	90, 5, 3, 1, 1
4177	90, 5, 3, 1, 1
4185	90, 5, 3, 1, 1
4185	70, 20, 5, 3, 2
4205	90, 5, 3, 1, 1
4205	90, 5, 3, 1, 1
4218	90, 5, 3, 1, 1
4218	90, 5, 3, 1, 1
4220	90, 5, 3, 1, 1
4220	90, 5, 3, 1, 1
4230	70, 20, 5, 3, 2
4230	50, 30, 10, 5, 5
4238	90, 5, 3, 1, 1
4238	90, 5, 3, 1, 1
4240	90, 5, 3, 1, 1
4240	90, 5, 3, 1, 1
4241	90, 5, 3, 1, 1
4241	90, 5, 3, 1, 1
4263	90, 5, 3, 1, 1
4263	90, 5, 3, 1, 1
4265	90, 5, 3, 1, 1
4265	90, 5, 3, 1, 1
4267	90, 5, 3, 1, 1
4267	95, 3, 1, 0, 1
4271	90, 5, 3, 1, 1
4271	90, 5, 3, 1, 1
4308	90, 5, 3, 1, 1
4308	90, 5, 3, 1, 1
4310	10, 5, 80, 3, 2
4310	90, 5, 3, 1, 1
4313	70, 15, 10, 3, 2
4313	90, 5, 3, 1, 1
4334	90, 5, 3, 1, 1
4334	90, 5, 3, 1, 1
4337	90, 5, 3, 1, 1
4337	90, 5, 3, 1, 1
4339	90, 5, 3, 1, 1
4339	70, 20, 5, 3, 2
4344	70, 20, 5, 3, 2
4344	90, 5, 3, 1, 1
4358	90, 5, 3, 1, 1
4358	90, 5, 3, 1, 1
4398	90, 5, 3, 1, 1
4398	70, 20, 5, 3, 2
4414	90, 5, 3, 1, 1
4414	70, 20, 5, 3, 2
4423	90, 5, 3, 1, 1
4423	10, 5, 2, 1, 1
4435	90, 5, 3, 1, 1
4435	90, 5, 3, 1, 1
4445	20, 80, 0, 0, 0
4445	90, 5, 3, 1, 1
4448	70, 20, 5, 3, 2
4448	90, 5, 3, 1, 1
4453	90, 5, 3, 1, 1
4453	70, 20, 5, 3, 2
4462	100, 0, 0, 0, 0
4462	90, 5, 3, 1, 1
4471	90, 5, 3, 1, 1
4471	90, 5, 3, 1, 1
4487	90, 5, 3, 1, 1
4487	70, 20, 5, 3, 2
4491	90, 5, 3, 1, 1
4491	90, 5, 3, 1, 1
4504	90, 5, 3, 1, 1
4504	70, 20, 5, 3, 2
4520	90, 5, 3, 1, 1
4520	70, 20, 5, 3, 2
4540	90, 5, 3, 1, 1
4540	90, 5, 3, 1, 1
4549	90, 5, 3, 1, 1
4549	70, 20, 5, 3, 2
4550	70, 20, 5, 3, 2
4550	70, 20, 5, 3, 2
4568	90, 5, 3, 1, 1
4568	90, 5, 3, 1, 1
4569	90, 5, 3, 1, 1
4569	90, 5, 3, 1, 1
4581	90, 5, 3, 1, 1
4581	90, 5, 3, 1, 1
4602	90, 5, 3, 1, 1
4602	90, 5, 3, 1, 1
4603	90, 5, 3, 1, 1
4603	90, 5, 3, 1, 1
4664	70, 20, 5, 3, 2
4664	90, 5, 3, 1, 1
4682	10, 5, 5, 80, 0
4682	90, 5, 3, 1, 1
4689	10, 5, 5, 3, 2
4689	90, 5, 3, 1, 1
4737	90, 5, 3, 1, 1
4737	90, 5, 3, 1, 1
4742	90, 5, 3, 1, 1
4742	90, 5, 3, 1, 1
4764	90, 5, 3, 1, 1
4764	90, 5, 3, 1, 1
4767	10, 5, 2, 1, 1
4767	70, 20, 5, 3, 2
4769	90, 5, 3, 1, 1
4769	70, 20, 5, 3, 2
4785	90, 5, 3, 1, 1
4785	90, 5, 3, 1, 1
4791	80, 15, 3, 1, 1
4791	80, 10, 5, 3, 2
4797	90, 5, 3, 1, 1
4797	90, 5, 3, 1, 1
4805	90, 5, 3, 1, 1
4805	95, 3, 1, 0, 1
4815	90, 5, 3, 1, 1
4815	20, 50, 20, 5, 5
4818	90, 5, 3, 1, 1
4818	90, 5, 3, 1, 1
4820	90, 5, 3, 1, 1
4820	90, 5, 3, 1, 1
4838	90, 5, 3, 1, 1
4838	0, 0, 0, 0, 100
4847	90, 5, 3, 1, 1
4847	70, 20, 5, 3, 2
4862	90, 5, 3, 1, 1
4862	90, 5, 3, 1, 1
4866	90, 5, 3, 1, 1
4866	50, 30, 15, 3, 2
4889	90, 5, 3, 1, 1
4889	90, 5, 3, 1, 1
4890	90, 5, 3, 1, 1
4890	90, 5, 3, 1, 1
4912	90, 5, 3, 1, 1
4912	90, 5, 3, 1, 1
4927	90, 5, 3, 1, 1
4927	90, 5, 3, 1, 1
4938	90, 5, 3, 1, 1
4938	70, 20, 5, 3, 2
4944	90, 5, 3, 1, 1
4944	90, 5, 3, 1, 1
4946	90, 5, 3, 1, 1
4946	90, 5, 3, 1, 1
4955	70, 20, 5, 3, 2
4955	80, 10, 5, 3, 2
4977	95, 3, 1, 0, 1
4977	90, 5, 3, 1, 1
4994	90, 5, 3, 1, 1
4994	90, 5, 3, 1, 1
5003	90, 5, 3, 1, 1
5003	90, 5, 3, 1, 1
5015	90, 5, 3, 1, 1
5015	95, 3, 1, 0, 1
5024	10, 5, 2, 1, 1
5024	90, 5, 3, 1, 1
5044	70, 20, 5, 3, 2
5044	10, 5, 80, 3, 2
5050	90, 5, 3, 1, 1
5050	70, 20, 5, 3, 2
5068	70, 15, 10, 3, 2
5068	10, 5, 5, 80, 0
5145	70, 20, 5, 3, 2
5145	90, 5, 3, 1, 1
5155	90, 5, 3, 1, 1
5155	90, 5, 3, 1, 1
5160	90, 5, 3, 1, 1
5160	90, 5, 3, 1, 1
5161	90, 5, 3, 1, 1
5161	70, 20, 5, 3, 2
5173	20, 10, 5, 3, 2
5173	10, 5, 5, 80, 0
5174	90, 5, 3, 1, 1
5174	70, 20, 5, 3, 2
5182	10, 5, 80, 3, 2
5182	90, 5, 3, 1, 1
5192	95, 3, 1, 0, 1
5192	90, 5, 3, 1, 1
5241	90, 5, 3, 1, 1
5241	90, 5, 3, 1, 1
5249	95, 3, 1, 0, 1
5249	90, 5, 3, 1, 1
5254	90, 5, 3, 1, 1
5254	90, 5, 3, 1, 1
5259	50, 30, 15, 3, 2
5259	90, 5, 3, 1, 1
5270	90, 5, 3, 1, 1
5270	90, 5, 3, 1, 1
5273	70, 20, 5, 3, 2
5273	90, 5, 3, 1, 1
5291	90, 5, 3, 1, 1
5291	90, 5, 3, 1, 1
5294	70, 20, 5, 3, 2
5294	90, 5, 3, 1, 1
5296	90, 5, 3, 1, 1
5296	90, 5, 3, 1, 1
5303	90, 5, 3, 1, 1
5303	90, 5, 3, 1, 1
5322	90, 5, 3, 1, 1
5322	90, 5, 3, 1, 1
5324	90, 5, 3, 1, 1
5324	90, 5, 3, 1, 1
5335	70, 20, 5, 3, 2
5335	90, 5, 3, 1, 1
5339	90, 5, 3, 1, 1
5339	10, 80, 5, 3, 2
5344	90, 5, 3, 1, 1
5344	90, 5, 3, 1, 1
5346	70, 20, 5, 3, 2
5346	90, 5, 3, 1, 1
5349	70, 20, 5, 3, 2
5349	70, 20, 5, 3, 2
5364	90, 5, 3, 1, 1
5364	90, 5, 3, 1, 1
5392	90, 5, 3, 1, 1
5392	10, 5, 80, 3, 2
5397	90, 5, 3, 1, 1
5397	70, 20, 5, 3, 2
5408	90, 5, 3, 1, 1
5408	90, 5, 3, 1, 1
5417	95, 3, 1, 0, 1
5417	90, 5, 3, 1, 1
5446	90, 5, 3, 1, 1
5446	90, 5, 3, 1, 1
5447	90, 5, 3, 1, 1
5447	90, 5, 3, 1, 1
5450	10, 5, 2, 1, 1
5450	90, 5, 3, 1, 1
5460	90, 5, 3, 1, 1
5460	90, 5, 3, 1, 1
5461	70, 20, 5, 3, 2
5461	10, 5, 5, 3, 2
5468	90, 5, 3, 1, 1
5468	90, 5, 3, 1, 1
5474	90, 5, 3, 1, 1
5474	90, 5, 3, 1, 1
5482	90, 5, 3, 1, 1
5482	90, 5, 3, 1, 1
5483	90, 5, 3, 1, 1
5483	90, 5, 3, 1, 1
5504	70, 20, 5, 3, 2
5504	90, 5, 3, 1, 1
5514	90, 5, 3, 1, 1
5514	90, 5, 3, 1, 1
5539	90, 5, 3, 1, 1
5539	70, 20, 5, 3, 2
5554	70, 20, 5, 3, 2
5554	10, 5, 5, 5, 75
5558	90, 5, 3, 1, 1
5558	90, 5, 3, 1, 1
5575	90, 5, 3, 1, 1
5575	70, 20, 5, 3, 2
5582	90, 5, 3, 1, 1
5582	90, 5, 3, 1, 1
5611	10, 5, 5, 80, 0
5611	70, 20, 5, 3, 2
5633	95, 3, 1, 0, 1

The summary covers the main topic of the article, which is the underground fire at the ICL UK Boulby mine. However, it lacks key points such as the number of workers affected, the involvement of the Health and Safety Executive, and the company's response to the incident. Additionally, the summary could be improved by including information about the ongoing investigation and the company's compliance with the improvement notice. Overall, the summary is clear but lacks important details from the article.
5633	90, 5, 3, 1, 1
5649	90, 5, 3, 1, 1
5649	70, 20, 5, 3, 2
5656	90, 5, 3, 1, 1
5656	90, 5, 3, 1, 1
5659	90, 5, 3, 1, 1
5659	90, 5, 3, 1, 1
5682	90, 5, 3, 1, 1
5682	90, 5, 3, 1, 1
5701	90, 5, 3, 1, 1
5701	70, 20, 5, 3, 2
5703	90, 5, 3, 1, 1
5703	70, 20, 5, 3, 2
5726	90, 5, 3, 1, 1
5726	90, 5, 3, 1, 1
5747	90, 5, 3, 1, 1
5747	80, 10, 5, 3, 2
5748	90, 5, 3, 1, 1
5748	90, 5, 3, 1, 1
5765	90, 5, 3, 1, 1
5765	90, 5, 3, 1, 1
5795	20, 10, 5, 3, 2
5795	70, 20, 5, 3, 2
5810	90, 5, 3, 1, 1
5810	70, 20, 5, 3, 2
5825	90, 5, 3, 1, 1
5825	90, 5, 3, 1, 1
5857	90, 5, 3, 1, 1
5857	70, 20, 5, 3, 2
5858	90, 5, 3, 1, 1
5858	90, 5, 3, 1, 1
5868	10, 5, 5, 80, 0
5868	70, 20, 5, 3, 2
5873	90, 5, 3, 1, 1
5873	90, 5, 3, 1, 1
5886	70, 20, 5, 3, 2
5886	10, 5, 80, 3, 2
5897	90, 5, 3, 1, 1
5897	20, 10, 5, 3, 2
5907	90, 5, 3, 1, 1
5907	90, 5, 3, 1, 1
5927	90, 5, 3, 1, 1
5927	90, 5, 3, 1, 1
5928	90, 5, 3, 1, 1
5928	90, 5, 3, 1, 1
5933	90, 5, 3, 1, 1
5933	70, 20, 5, 3, 2
5973	70, 20, 5, 3, 2
5973	90, 5, 3, 1, 1
5976	70, 15, 10, 3, 2
5976	70, 20, 5, 3, 2
5980	50, 30, 10, 5, 5
5980	100, 0, 0, 0, 0
5981	90, 5, 3, 1, 1
5981	70, 20, 5, 3, 2
5983	70, 20, 5, 3, 2
5983	10, 5, 2, 1, 1
6003	90, 5, 3, 1, 1
6003	20, 5, 2, 1, 1
6005	70, 20, 5, 3, 2
6005	90, 5, 3, 1, 1
6014	90, 5, 3, 1, 1
6014	90, 5, 3, 1, 1
6056	90, 5, 3, 1, 1
6056	90, 5, 3, 1, 1
6069	90, 5, 3, 1, 1
6069	90, 5, 3, 1, 1
6076	90, 5, 3, 1, 1
6076	90, 5, 3, 1, 1
6105	90, 5, 3, 1, 1
6105	90, 5, 3, 1, 1
6111	90, 5, 3, 1, 1
6111	70, 20, 5, 3, 2
6115	90, 5, 3, 1, 1
6115	10, 5, 5, 5, 75
6129	90, 5, 3, 1, 1
6129	90, 5, 3, 1, 1
6157	70, 15, 10, 3, 2
6157	90, 5, 3, 1, 1
6168	90, 5, 3, 1, 1
6168	90, 5, 3, 1, 1
6171	90, 5, 3, 1, 1
6171	90, 5, 3, 1, 1
6184	90, 5, 3, 1, 1
6184	90, 5, 3, 1, 1
6197	90, 5, 3, 1, 1
6197	90, 5, 3, 1, 1
6221	70, 20, 5, 3, 2
6221	80, 10, 5, 3, 2
6222	90, 5, 3, 1, 1
6222	90, 5, 3, 1, 1
6227	90, 5, 3, 1, 1
6227	10, 5, 2, 1, 1
6242	70, 20, 5, 3, 2
6242	90, 5, 3, 1, 1
6244	70, 20, 5, 3, 2
6244	70, 20, 5, 3, 2
6250	90, 5, 3, 1, 1
6250	90, 5, 3, 1, 1
6255	90, 5, 3, 1, 1
6255	90, 5, 3, 1, 1
6284	70, 20, 5, 3, 2
6284	90, 5, 3, 1, 1
6289	90, 5, 3, 1, 1
6289	90, 5, 3, 1, 1
6290	90, 5, 3, 1, 1
6290	70, 20, 5, 3, 2
6340	90, 5, 3, 1, 1
6340	90, 5, 3, 1, 1
6344	90, 5, 3, 1, 1
6344	95, 3, 1, 0, 1
6378	70, 20, 5, 3, 2
6378	90, 5, 3, 1, 1
6385	90, 5, 3, 1, 1
6385	90, 5, 3, 1, 1
6395	90, 5, 3, 1, 1
6395	90, 5, 3, 1, 1
6399	90, 5, 3, 1, 1
6399	90, 5, 3, 1, 1
6400	70, 20, 5, 3, 2
6400	70, 20, 5, 3, 2
6408	20, 30, 40, 5, 5
6408	10, 5, 2, 1, 1
6413	70, 15, 10, 3, 2
6413	90, 5, 3, 1, 1
6420	90, 5, 3, 1, 1
6420	90, 5, 3, 1, 1
6454	90, 5, 3, 1, 1
6454	90, 5, 3, 1, 1
6471	90, 5, 3, 1, 1
6471	90, 5, 3, 1, 1
6474	90, 5, 3, 1, 1
6474	90, 5, 3, 1, 1
6482	70, 20, 5, 3, 2
6482	90, 5, 3, 1, 1
6491	5, 0, 0, 0, 0
6491	90, 5, 3, 1, 1
6494	90, 5, 3, 1, 1
6494	90, 5, 3, 1, 1
6524	70, 20, 5, 3, 2
6524	50, 30, 15, 3, 2
6547	90, 5, 3, 1, 1
6547	70, 20, 5, 3, 2
6548	90, 5, 3, 1, 1
6548	90, 5, 3, 1, 1
6567	90, 5, 3, 1, 1
6567	90, 5, 3, 1, 1
6579	90, 5, 3, 1, 1
6579	90, 5, 3, 1, 1
6591	90, 5, 3, 1, 1
6591	70, 20, 5, 3, 2
6595	90, 5, 3, 1, 1
6595	90, 5, 3, 1, 1
6598	90, 5, 3, 1, 1
6598	90, 5, 3, 1, 1
6616	90, 5, 3, 1, 1
6616	90, 5, 3, 1, 1
6634	90, 5, 3, 1, 1
6634	90, 5, 3, 1, 1
6635	70, 20, 5, 3, 2
6635	90, 5, 3, 1, 1
6664	70, 20, 5, 3, 2
6664	90, 5, 3, 1, 1
6667	70, 20, 5, 3, 2
6667	90, 5, 3, 1, 1
6670	20, 5, 5, 5, 5
6670	90, 5, 3, 1, 1
6671	90, 5, 3, 1, 1
6671	95, 3, 1, 0, 1
6693	90, 5, 3, 1, 1
6693	90, 5, 3, 1, 1
6705	70, 20, 5, 3, 2
6705	90, 5, 3, 1, 1
6708	90, 5, 3, 1, 1
6708	90, 5, 3, 1, 1
6743	90, 5, 3, 1, 1
6743	90, 5, 3, 1, 1
6747	90, 5, 3, 1, 1
6747	90, 5, 3, 1, 1
6769	90, 5, 3, 1, 1
6769	90, 5, 3, 1, 1
6791	70, 20, 5, 3, 2
6791	10, 5, 5, 80, 0
6802	70, 20, 5, 3, 2
6802	90, 5, 3, 1, 1
6803	90, 5, 3, 1, 1
6803	90, 5, 3, 1, 1
6805	10, 5, 5, 3, 2
6805	10, 5, 80, 3, 2
6817	90, 5, 3, 1, 1
6817	90, 5, 3, 1, 1
6832	90, 5, 3, 1, 1
6832	90, 5, 3, 1, 1
6837	90, 5, 3, 1, 1
6837	90, 5, 3, 1, 1
6838	90, 5, 3, 1, 1

The summary covers the main topic of the incident at Charing Cross underground station and the time it occurred. However, it lacks key points such as the closure of the station, the presence of smoke, the arrest made, and the behavior of fans. Additionally, the summary does not present the information in a clear and logical order, as it jumps straight to the time of the incident without providing any context.
6838	70, 20, 5, 3, 2
6841	90, 5, 3, 1, 1
6841	90, 5, 3, 1, 1
6849	90, 5, 3, 1, 1
6849	90, 5, 3, 1, 1
6864	90, 5, 3, 1, 1
6864	70, 15, 10, 3, 2
6875	20, 10, 5, 3, 2
6875	70, 20, 5, 3, 2
6886	90, 5, 3, 1, 1
6886	70, 20, 5, 3, 2
6896	90, 5, 3, 1, 1
6896	90, 5, 3, 1, 1
6902	80, 10, 5, 3, 2
6902	70, 20, 5, 3, 2
6903	90, 5, 3, 1, 1
6903	90, 5, 3, 1, 1
6908	90, 5, 3, 1, 1
6908	90, 5, 3, 1, 1
6910	90, 5, 3, 1, 1
6910	90, 5, 3, 1, 1
6922	90, 5, 3, 1, 1
6922	90, 5, 3, 1, 1
6929	90, 5, 3, 1, 1
6929	90, 5, 3, 1, 1
6933	10, 5, 5, 80, 0
6933	90, 5, 3, 1, 1
6942	90, 5, 3, 1, 1
6942	90, 5, 3, 1, 1
6953	90, 5, 3, 1, 1
6953	90, 5, 3, 1, 1
6970	90, 5, 3, 1, 1
6970	90, 5, 3, 1, 1
6972	70, 20, 5, 3, 2
6972	95, 3, 1, 0, 1
6978	90, 5, 3, 1, 1
6978	70, 20, 5, 3, 2
6983	90, 5, 3, 1, 1
6983	90, 5, 3, 1, 1
6993	90, 5, 3, 1, 1
6993	70, 20, 5, 3, 2
6994	70, 20, 5, 3, 2
6994	90, 5, 3, 1, 1
6999	95, 3, 1, 0, 1
6999	90, 5, 3, 1, 1
7008	90, 5, 3, 1, 1
7008	70, 20, 5, 3, 2
7016	90, 5, 3, 1, 1
7016	90, 5, 3, 1, 1
7021	90, 5, 3, 1, 1
7021	70, 20, 5, 3, 2
7027	90, 5, 3, 1, 1
7027	90, 5, 3, 1, 1
7030	95, 3, 1, 0, 1
7030	90, 80, 5, 3, 2
7040	90, 5, 3, 1, 1
7040	70, 20, 5, 3, 2
7073	90, 5, 3, 1, 1
7073	90, 5, 3, 1, 1
7075	90, 5, 3, 1, 1
7075	90, 5, 3, 1, 1
7110	90, 5, 3, 1, 1
7110	90, 5, 3, 1, 1
7122	90, 5, 3, 1, 1
7122	90, 5, 3, 1, 1
7126	90, 5, 3, 1, 1
7126	90, 5, 3, 1, 1
7139	90, 5, 3, 1, 1
7139	90, 5, 3, 1, 1
7154	20, 5, 2, 1, 1
7154	90, 5, 3, 1, 1
7180	90, 5, 3, 1, 1
7180	95, 3, 1, 0, 1
7231	90, 5, 3, 1, 1
7231	90, 5, 3, 1, 1
7233	90, 5, 3, 1, 1
7233	90, 5, 3, 1, 1
7255	90, 5, 3, 1, 1
7255	90, 5, 3, 1, 1
7261	70, 20, 5, 3, 2
7261	70, 20, 5, 3, 2
7266	20, 10, 5, 3, 2
7266	70, 15, 10, 3, 2
7267	90, 5, 3, 1, 1
7267	90, 5, 3, 1, 1
7283	70, 20, 5, 3, 2
7283	90, 5, 3, 1, 1
7298	70, 20, 5, 3, 2
7298	10, 5, 80, 3, 2
7310	90, 5, 3, 1, 1
7310	90, 5, 3, 1, 1
7315	90, 5, 3, 1, 1
7315	70, 20, 5, 3, 2
7328	90, 5, 3, 1, 1
7328	50, 30, 10, 5, 5
7332	90, 5, 3, 1, 1
7332	90, 5, 3, 1, 1
7357	90, 5, 3, 1, 1
7357	90, 5, 3, 1, 1

The summary covers the main topic of the article, which is the announcement of the shortlist for the St David Awards. It mentions the categories included in the awards and highlights two nominees for their extraordinary achievements. However, it lacks specific details about the nominees and their actions, which are key points in the news article. Overall, the summary is clear but could provide more information.
7360	95, 3, 1, 0, 1
7360	90, 5, 3, 1, 1
7368	90, 5, 3, 1, 1
7368	50, 30, 10, 5, 5
7379	90, 5, 3, 1, 1
7379	90, 5, 3, 1, 1
7404	90, 5, 3, 1, 1
7404	90, 5, 3, 1, 1
7405	90, 5, 3, 1, 1
7405	90, 5, 3, 1, 1
7419	20, 10, 5, 3, 2
7419	90, 5, 3, 1, 1
7444	70, 20, 5, 3, 2
7444	90, 5, 3, 1, 1
7445	90, 5, 3, 1, 1
7445	90, 5, 3, 1, 1
7449	90, 5, 3, 1, 1
7449	10, 5, 3, 1, 1
7450	90, 5, 3, 1, 1
7450	90, 5, 3, 1, 1
7459	90, 5, 3, 1, 1
7459	10, 5, 5, 80, 0
7479	70, 20, 5, 3, 2
7479	90, 5, 3, 1, 1
7482	90, 5, 3, 1, 1
7482	20, 70, 5, 3, 2
7487	70, 20, 5, 3, 2
7487	90, 5, 3, 1, 1
7500	90, 5, 3, 1, 1
7500	10, 5, 5, 80, 0
7501	90, 5, 3, 1, 1
7501	90, 5, 3, 1, 1
7524	10, 5, 5, 3, 2
7524	90, 5, 3, 1, 1
7532	90, 5, 3, 1, 1
7532	90, 5, 3, 1, 1
7549	90, 5, 3, 1, 1
7549	90, 5, 3, 1, 1
7553	90, 5, 3, 1, 1
7553	90, 5, 3, 1, 1
7570	10, 5, 2, 1, 1
7570	90, 5, 3, 1, 1
7585	90, 5, 3, 1, 1
7585	90, 5, 3, 1, 1
7591	90, 5, 3, 1, 1
7591	90, 5, 3, 1, 1
7596	90, 5, 3, 1, 1
7596	90, 5, 3, 1, 1
7615	90, 5, 3, 1, 1

The summary covers the main topic of the article, which is the local authority's spending on events since 2014. However, it lacks key points such as the number of organizations supported, the total attendance, the effectiveness of the Major Festivals and Events Strategy, public awareness, and concerns about policing costs at music festivals. The summary is clear and concise but misses important details from the article.
7615	90, 5, 3, 1, 1
7637	90, 5, 3, 1, 1
7637	90, 5, 3, 1, 1
7669	90, 5, 3, 1, 1
7669	90, 5, 3, 1, 1
7680	90, 5, 3, 1, 1
7680	90, 5, 3, 1, 1
7687	90, 5, 3, 1, 1
7687	90, 5, 3, 1, 1
7697	90, 5, 3, 1, 1
7697	90, 5, 3, 1, 1
7703	90, 5, 3, 1, 1
7703	90, 5, 3, 1, 1
7710	20, 10, 5, 3, 2
7710	90, 5, 3, 1, 1
7723	90, 5, 3, 1, 1
7723	90, 5, 3, 1, 1
7751	90, 5, 3, 1, 1
7751	90, 5, 3, 1, 1
7761	90, 5, 3, 1, 1

The summary covers the main topic and key points of the news article, presenting them in a clear and logical order. It accurately conveys the essential information about the incident on Penilee Road.
7761	90, 5, 3, 1, 1
7770	90, 5, 3, 1, 1
7770	90, 5, 3, 1, 1
7779	90, 5, 3, 1, 1
7779	90, 5, 3, 1, 1
7796	90, 5, 3, 1, 1
7796	90, 5, 3, 1, 1
7811	70, 20, 5, 3, 2
7811	90, 5, 3, 1, 1
7812	90, 5, 3, 1, 1
7812	70, 20, 5, 3, 2
7824	90, 5, 3, 1, 1
7824	10, 70, 10, 5, 5
7851	90, 5, 3, 1, 1
7851	90, 5, 3, 1, 1
7858	10, 5, 80, 3, 2
7858	90, 5, 3, 1, 1
7865	90, 5, 3, 1, 1
7865	90, 5, 3, 1, 1
7866	90, 5, 3, 1, 1
7866	90, 5, 3, 1, 1
7872	90, 5, 3, 1, 1
7872	90, 5, 3, 1, 1
7886	90, 5, 3, 1, 1
7886	90, 5, 3, 1, 1
7887	90, 5, 3, 1, 1
7887	70, 20, 5, 3, 2
7888	90, 5, 3, 1, 1
7888	90, 5, 3, 1, 1
7891	90, 5, 3, 1, 1
7891	70, 20, 5, 3, 2
7902	90, 5, 3, 1, 1
7902	90, 5, 3, 1, 1
7908	90, 5, 3, 1, 1
7908	70, 20, 5, 3, 2
7914	70, 20, 5, 3, 2
7914	70, 20, 5, 3, 2
7920	90, 5, 3, 1, 1
7920	90, 5, 3, 1, 1
7929	90, 5, 3, 1, 1
7929	90, 5, 3, 1, 1
7948	90, 5, 3, 1, 1
7948	70, 20, 5, 3, 2
7949	90, 5, 3, 1, 1
7949	90, 5, 3, 1, 1
7953	90, 5, 3, 1, 1
7953	90, 5, 3, 1, 1
7988	90, 5, 3, 1, 1
7988	90, 5, 3, 1, 1
8007	90, 5, 3, 1, 1
8007	10, 5, 80, 3, 2
8014	70, 20, 5, 3, 2
8014	90, 5, 3, 1, 1
8025	90, 5, 3, 1, 1
8025	90, 5, 3, 1, 1
8033	90, 5, 3, 1, 1
8033	10, 5, 3, 1, 1
8036	70, 20, 5, 3, 2
8036	70, 20, 5, 3, 2
8064	90, 5, 3, 1, 1
8064	90, 5, 3, 1, 1
8073	90, 5, 3, 1, 1
8073	90, 5, 3, 1, 1
8082	90, 5, 3, 1, 1
8082	90, 5, 3, 1, 1
8116	90, 5, 3, 1, 1
8116	90, 5, 3, 1, 1
8121	90, 5, 3, 1, 1
8121	90, 5, 3, 1, 1
8122	95, 3, 1, 0, 1
8122	10, 5, 2, 1, 1
8140	90, 5, 3, 1, 1
8140	90, 5, 3, 1, 1
8145	90, 5, 3, 1, 1
8145	70, 15, 10, 3, 2
8151	70, 20, 5, 3, 2
8151	90, 5, 3, 1, 1
8157	70, 20, 5, 3, 2
8157	10, 5, 5, 80, 0
8167	90, 5, 3, 1, 1
8167	90, 5, 3, 1, 1
8180	70, 20, 5, 3, 2
8180	70, 20, 5, 3, 2
8184	20, 5, 2, 1, 1
8184	90, 5, 3, 1, 1
8185	90, 5, 3, 1, 1
8185	90, 5, 3, 1, 1
8192	90, 5, 3, 1, 1
8192	70, 20, 5, 3, 2
8198	90, 5, 3, 1, 1
8198	90, 5, 3, 1, 1
8202	70, 15, 10, 3, 2
8202	90, 5, 3, 1, 1
8220	90, 5, 3, 1, 1
8220	90, 5, 3, 1, 1
8223	90, 5, 3, 1, 1
8223	90, 5, 3, 1, 1
8225	90, 5, 3, 1, 1
8225	90, 5, 3, 1, 1
8235	90, 5, 3, 1, 1
8235	90, 5, 3, 1, 1
8243	90, 5, 3, 1, 1
8243	90, 5, 3, 1, 1
8272	90, 5, 3, 1, 1
8272	90, 5, 3, 1, 1
8273	90, 5, 3, 1, 1
8273	90, 5, 3, 1, 1
8300	90, 5, 3, 1, 1

The summary covers the main topic of the article, which is the rescue of captives from a group operating in the Peruvian Amazon region. However, it misses key points such as the connection to the Shining Path group, the presence of children among the captives, and the location of the operation in the VRAEM region. The summary is clear and presents the information in a logical order, but it lacks important details from the article.
8300	90, 5, 3, 1, 1
8320	90, 5, 3, 1, 1
8320	70, 20, 5, 3, 2
8328	10, 80, 5, 3, 2
8328	90, 5, 3, 1, 1
8329	90, 5, 3, 1, 1
8329	70, 20, 5, 3, 2
8346	20, 5, 2, 1, 1
8346	90, 5, 3, 1, 1
8369	90, 5, 3, 1, 1

The summary covers the main topic and key points of the news article, mentioning Aaron Saucedo's previous murder charge and linking him to the deaths of eight other people. However, it lacks the additional details provided in the article, such as the victims' profiles, the lack of identified motive, and the evidence used by the police to link Saucedo to the killings. Overall, the summary is clear but lacks depth.
8369	90, 5, 3, 1, 1
8380	90, 5, 3, 1, 1
8380	70, 15, 10, 3, 2
8395	90, 5, 3, 1, 1
8395	20, 5, 2, 1, 1
8402	70, 20, 5, 3, 2
8402	10, 5, 2, 1, 1
8414	90, 5, 3, 1, 1
8414	70, 20, 5, 3, 2
8431	90, 5, 3, 1, 1
8431	70, 20, 5, 3, 2
8478	90, 5, 3, 1, 1
8478	90, 5, 3, 1, 1

The summary covers one key point from the news article, which is the involvement of local traders, hoteliers, and businesses in providing feedback on the park's designs and potential benefits. However, it fails to mention other important details such as the opening date of the park, the features of the park, the repairs to the artificial surf reef, and the funding assistance from the government. Therefore, the summary is likely to receive a score of 1 for missing out on crucial information.
8482	70, 20, 5, 3, 2
8482	70, 20, 5, 3, 2
8487	90, 5, 3, 1, 1
8487	90, 5, 3, 1, 1
8504	90, 5, 3, 1, 1
8504	20, 10, 5, 3, 2
8506	90, 5, 3, 1, 1
8506	70, 20, 5, 3, 2
8508	90, 5, 3, 1, 1
8508	90, 5, 3, 1, 1
8542	90, 5, 3, 1, 1
8542	90, 5, 3, 1, 1
8547	90, 5, 3, 1, 1
8547	90, 5, 3, 1, 1
8560	90, 5, 3, 1, 1
8560	90, 5, 3, 1, 1
8620	90, 5, 3, 1, 1
8620	70, 20, 5, 3, 2
8688	90, 5, 3, 1, 1
8688	90, 5, 3, 1, 1
8691	90, 5, 3, 1, 1
8691	70, 20, 5, 3, 2
8699	20, 10, 5, 3, 2
8699	90, 5, 3, 1, 1
8706	90, 5, 3, 1, 1
8706	70, 20, 5, 3, 2
8708	70, 20, 5, 3, 2
8708	70, 20, 5, 3, 2
8709	90, 5, 3, 1, 1
8709	90, 5, 3, 1, 1
8714	90, 5, 3, 1, 1
8714	90, 5, 3, 1, 1
8722	90, 5, 3, 1, 1
8722	10, 5, 5, 80, 0
8752	70, 20, 5, 3, 2
8752	90, 5, 3, 1, 1
8756	70, 20, 5, 3, 2
8756	90, 5, 3, 1, 1
8760	90, 5, 3, 1, 1
8760	70, 20, 5, 3, 2
8764	70, 20, 5, 3, 2
8764	70, 20, 5, 3, 2
8775	90, 5, 3, 1, 1
8775	20, 10, 5, 3, 2
8777	90, 5, 3, 1, 1
8777	90, 5, 3, 1, 1
8802	20, 10, 5, 3, 2
8802	90, 5, 3, 1, 1
8805	70, 20, 5, 3, 2
8805	90, 5, 3, 1, 1
8840	90, 5, 3, 1, 1
8840	70, 20, 5, 3, 2
8844	90, 5, 3, 1, 1
8844	90, 5, 3, 1, 1
8850	95, 3, 1, 0, 1
8850	90, 5, 3, 1, 1
8878	90, 5, 3, 1, 1
8878	70, 20, 5, 3, 2
8897	90, 5, 3, 1, 1
8897	90, 5, 3, 1, 1
8903	95, 3, 1, 0, 1
8903	90, 5, 3, 1, 1
8907	90, 5, 3, 1, 1
8907	70, 20, 5, 3, 2
8909	20, 10, 5, 3, 2
8909	10, 5, 2, 1, 1
8914	90, 5, 3, 1, 1
8914	90, 5, 3, 1, 1
8930	90, 5, 3, 1, 1
8930	90, 5, 3, 1, 1
8952	90, 5, 3, 1, 1
8952	90, 5, 3, 1, 1
8955	90, 5, 3, 1, 1
8955	90, 5, 3, 1, 1
8957	90, 5, 3, 1, 1
8957	90, 5, 3, 1, 1
8961	90, 5, 3, 1, 1
8961	70, 20, 5, 3, 2
8963	95, 3, 1, 0, 1
8963	90, 5, 3, 1, 1
8966	70, 20, 5, 3, 2
8966	70, 20, 5, 3, 2
8969	90, 5, 3, 1, 1
8969	90, 5, 3, 1, 1
8991	70, 20, 5, 3, 2
8991	90, 5, 3, 1, 1
8993	70, 20, 5, 3, 2
8993	90, 5, 3, 1, 1
9022	90, 5, 3, 1, 1
9022	10, 5, 5, 80, 0
9026	90, 5, 3, 1, 1
9026	90, 5, 3, 1, 1
9051	90, 5, 3, 1, 1
9051	70, 15, 10, 3, 2
9071	0, 0, 0, 0, 100
9071	90, 5, 3, 1, 1
9072	90, 5, 3, 1, 1
9072	10, 5, 80, 3, 2
9077	90, 5, 3, 1, 1
9077	90, 5, 3, 1, 1
9085	90, 5, 3, 1, 1
9085	90, 5, 3, 1, 1
9095	90, 5, 3, 1, 1
9095	90, 5, 3, 1, 1
9122	95, 3, 1, 0, 1
9122	90, 5, 3, 1, 1
9170	70, 15, 10, 3, 2
9170	90, 5, 3, 1, 1
9173	70, 20, 5, 3, 2
9173	90, 5, 3, 1, 1
9190	90, 5, 3, 1, 1
9190	70, 20, 5, 3, 2
9238	10, 5, 5, 80, 0
9238	90, 5, 3, 1, 1
9240	70, 20, 5, 3, 2
9240	90, 5, 3, 1, 1
9248	90, 5, 3, 1, 1
9248	70, 20, 5, 3, 2
9255	90, 5, 3, 1, 1
9255	90, 5, 3, 1, 1
9263	10, 5, 2, 1, 1
9263	10, 5, 5, 80, 0
9279	70, 20, 5, 3, 2
9279	90, 5, 3, 1, 1
9306	10, 5, 5, 3, 2
9306	10, 90, 0, 0, 0
9307	90, 5, 3, 1, 1
9307	70, 20, 5, 3, 2
9323	90, 5, 3, 1, 1
9323	90, 5, 3, 1, 1
9324	90, 5, 3, 1, 1
9324	90, 5, 3, 1, 1
9339	70, 20, 5, 3, 2
9339	70, 20, 5, 3, 2
9351	90, 5, 3, 1, 1
9351	10, 80, 5, 3, 2
9372	80, 15, 3, 1, 1
9372	20, 5, 5, 3, 2
9419	70, 20, 5, 3, 2
9419	90, 5, 3, 1, 1
9435	70, 20, 5, 3, 2
9435	70, 20, 5, 3, 2
9441	70, 20, 5, 3, 2

The summary covers the main point of the alarm being raised at 07:00 GMT, but it lacks information about the patients being moved to another area of the hospital and the cause of the alarm. It presents the information in a clear and logical order, but it is missing key details from the news article.
9441	90, 5, 3, 1, 1
9443	90, 5, 3, 1, 1
9443	90, 5, 3, 1, 1
9452	70, 20, 5, 3, 2
9452	90, 5, 3, 1, 1
9491	20, 10, 5, 3, 2
9491	70, 20, 5, 3, 2
9495	90, 5, 3, 1, 1
9495	70, 20, 5, 3, 2
9503	70, 20, 5, 3, 2
9503	90, 5, 3, 1, 1
9505	90, 5, 3, 1, 1
9505	90, 5, 3, 1, 1
9508	90, 5, 3, 1, 1
9508	90, 5, 3, 1, 1
9519	90, 5, 3, 1, 1
9519	90, 5, 3, 1, 1
9525	90, 5, 3, 1, 1
9525	85, 10, 3, 1, 1
9527	10, 5, 5, 80, 0
9527	90, 5, 3, 1, 1
9531	90, 5, 3, 1, 1

The summary covers the main topic of the article, which is Alex Jones revealing the news of her first child on The One Show. However, it lacks key points such as the baby's birth date, weight, and the concerns Alex Jones had about having a baby. The summary is clear and presented in a logical order, but it misses important details from the article.
9531	90, 5, 3, 1, 1
9540	90, 5, 3, 1, 1
9540	90, 5, 3, 1, 1
9556	90, 5, 3, 1, 1
9556	90, 5, 3, 1, 1
9560	90, 5, 3, 1, 1
9560	90, 5, 3, 1, 1
9564	90, 5, 3, 1, 1
9564	90, 5, 3, 1, 1
9576	95, 3, 1, 0, 1
9576	70, 20, 5, 3, 2
9578	90, 5, 3, 1, 1
9578	90, 5, 2, 2, 1
9584	90, 5, 3, 1, 1
9584	90, 5, 3, 1, 1

The summary covers the main topic of the news article, which is the police seeking witnesses related to the death of Joanne Thompson. It mentions the specific location and time frame of the incidents they are interested in. However, it does not mention the discovery of Joanne Thompson's body or the urgency of the investigation, which are key points in the news article. Overall, the summary is clear and logical but lacks some important details.
9590	90, 5, 3, 1, 1
9590	90, 5, 3, 1, 1
9599	70, 20, 5, 3, 2
9599	90, 5, 3, 1, 1
9601	70, 20, 5, 3, 2
9601	70, 20, 5, 3, 2
9620	90, 5, 3, 1, 1
9620	90, 5, 3, 1, 1
9655	90, 5, 3, 1, 1
9655	70, 20, 5, 3, 2
9661	70, 20, 5, 3, 2
9661	20, 30, 40, 5, 5
9672	10, 80, 5, 3, 2
9672	90, 5, 3, 1, 1
9699	90, 5, 3, 1, 1
9699	70, 20, 5, 3, 2
9701	70, 20, 5, 3, 2
9701	10, 5, 5, 5, 75
9714	20, 10, 5, 3, 2
9714	70, 20, 5, 3, 2
9721	90, 5, 3, 1, 1
9721	90, 5, 3, 1, 1
9737	90, 5, 3, 1, 1
9737	90, 5, 3, 1, 1
9740	90, 5, 3, 1, 1
9740	10, 5, 2, 1, 1
9754	90, 5, 3, 1, 1
9754	70, 20, 5, 3, 2
9766	90, 5, 3, 1, 1
9766	10, 5, 80, 3, 2
9782	20, 5, 2, 1, 1
9782	90, 5, 3, 1, 1
9789	90, 5, 3, 1, 1
9789	90, 5, 3, 1, 1
9802	10, 5, 5, 80, 0
9802	90, 5, 3, 1, 1
9812	90, 5, 3, 1, 1
9812	70, 20, 5, 3, 2
9814	90, 5, 3, 1, 1
9814	90, 5, 3, 1, 1
9818	70, 15, 10, 3, 2
9818	90, 5, 3, 1, 1
9829	90, 5, 3, 1, 1
9829	10, 80, 5, 3, 2
9838	90, 5, 3, 1, 1
9838	90, 5, 3, 1, 1
9839	90, 5, 3, 1, 1
9839	90, 5, 3, 1, 1
9866	10, 5, 80, 3, 2
9866	70, 20, 5, 3, 2
9881	90, 5, 3, 1, 1
9881	90, 5, 3, 1, 1
9883	90, 5, 3, 1, 1
9883	70, 20, 5, 3, 2
9888	70, 20, 5, 3, 2
9888	70, 20, 5, 3, 2
9896	90, 5, 3, 1, 1
9896	90, 5, 3, 1, 1
9919	90, 5, 3, 1, 1
9919	90, 5, 3, 1, 1
9928	10, 5, 5, 80, 0
9928	90, 5, 3, 1, 1
9937	70, 20, 5, 3, 2
9937	90, 5, 3, 1, 1
9971	90, 5, 3, 1, 1
9971	90, 5, 2, 2, 1
9976	90, 5, 3, 1, 1
9976	90, 5, 3, 1, 1
9983	90, 5, 3, 1, 1
9983	90, 5, 3, 1, 1
9984	70, 20, 5, 3, 2
9984	70, 20, 5, 3, 2
9988	90, 5, 3, 1, 1
9988	90, 5, 3, 1, 1
10003	90, 5, 3, 1, 1
10003	90, 5, 3, 1, 1
10006	90, 5, 3, 1, 1
10006	90, 5, 3, 1, 1
10013	90, 5, 3, 1, 1
10013	90, 5, 3, 1, 1
10021	70, 20, 5, 3, 2
10021	90, 5, 3, 1, 1
10037	70, 20, 5, 3, 2
10037	90, 5, 3, 1, 1
10046	70, 20, 5, 3, 2
10046	90, 5, 3, 1, 1
10078	90, 5, 3, 1, 1
10078	90, 5, 3, 1, 1
10089	90, 5, 3, 1, 1
10089	90, 5, 3, 1, 1
10102	70, 20, 5, 3, 2
10102	10, 5, 5, 3, 2

The summary does not accurately reflect the main topic and key points of the news article. It focuses on environmental concerns and local residents' opposition, which are not the main issues discussed in the article. The summary lacks clarity and logical order in presenting the information from the news article.
10110	20, 5, 2, 1, 1
10110	70, 20, 5, 3, 2
10133	20, 10, 5, 3, 2
10133	90, 5, 3, 1, 1
10148	90, 5, 3, 1, 1
10148	90, 5, 3, 1, 1
10150	90, 5, 3, 1, 1
10150	90, 5, 3, 1, 1
10173	70, 20, 5, 3, 2
10173	20, 10, 5, 3, 2
10191	70, 20, 5, 3, 2
10191	70, 20, 5, 3, 2
10207	90, 5, 3, 1, 1
10207	90, 5, 3, 1, 1
10218	70, 20, 5, 3, 2
10218	90, 5, 3, 1, 1
10220	90, 5, 3, 1, 1
10220	90, 5, 3, 1, 1
10233	70, 20, 5, 3, 2
10233	90, 5, 3, 1, 1
10237	90, 5, 3, 1, 1
10237	90, 5, 3, 1, 1
10247	90, 5, 3, 1, 1
10247	70, 20, 5, 3, 2
10277	90, 5, 3, 1, 1
10277	90, 5, 3, 1, 1
10283	90, 5, 3, 1, 1
10283	70, 20, 5, 3, 2
10308	90, 5, 3, 1, 1
10308	70, 20, 5, 3, 2
10314	90, 5, 3, 1, 1
10314	90, 5, 3, 1, 1
10331	90, 5, 3, 1, 1
10331	90, 5, 3, 1, 1
10335	90, 5, 3, 1, 1
10335	70, 20, 5, 3, 2
10371	90, 5, 3, 1, 1
10371	90, 5, 3, 1, 1
10376	95, 3, 1, 1, 0

The summary covers the main topic and key points of the news article, presenting them in a clear and logical order. It accurately captures the essential information about the accident involving the man's bike being struck by a lorry and the expected road closure. The only minor issue is the lack of mention about the warning for drivers to expect delays in the area, which slightly affects the overall completeness of the summary.
10376	90, 5, 3, 1, 1
10399	90, 5, 2, 2, 1
10399	70, 20, 5, 3, 2
10413	90, 5, 3, 1, 1
10413	20, 60, 10, 5, 5
10418	90, 5, 3, 1, 1
10418	90, 5, 3, 1, 1
10424	90, 5, 3, 1, 1
10424	90, 5, 3, 1, 1
10438	90, 5, 3, 1, 1
10438	70, 20, 5, 3, 2
10462	90, 5, 3, 1, 1

The summary covers the main topic of the article, which is the Environment Agency choosing a new custodian for the Severn and Wye fish smokery. However, it lacks key points such as the historical significance of Lydney Harbour, the involvement of the local community and council, and the plans for revitalizing the area. The summary is clear and concise but misses important details from the article.
10462	90, 5, 3, 1, 1
10465	90, 5, 3, 1, 1
10465	90, 5, 3, 1, 1
10468	90, 5, 3, 1, 1
10468	90, 5, 3, 1, 1
10472	90, 5, 3, 1, 1
10472	90, 5, 3, 1, 1
10547	90, 5, 3, 1, 1
10547	90, 5, 3, 1, 1
10560	80, 15, 3, 1, 1
10560	90, 5, 3, 1, 1
10591	70, 20, 5, 3, 2
10591	90, 5, 3, 1, 1
10608	0, 0, 0, 0, 100
10608	70, 20, 5, 3, 2
10637	90, 5, 3, 1, 1
10637	90, 5, 3, 1, 1
10638	90, 5, 3, 1, 1
10638	70, 20, 5, 3, 2
10639	90, 5, 3, 1, 1

The summary covers the main topic of Llandeilo residents demanding action for over 40 years, but it lacks key points such as the heavy congestion, air pollution levels, construction timeline, and funding announcement. It presents the information in a clear and logical order, but it is missing important details from the news article.
10639	90, 5, 3, 1, 1
10642	80, 15, 3, 1, 1
10642	70, 20, 5, 3, 2
10644	70, 20, 5, 3, 2
10644	70, 20, 5, 3, 2
10658	90, 5, 3, 1, 1
10658	70, 20, 5, 3, 2
10669	0, 0, 0, 0, 100
10669	20, 10, 5, 3, 2
10678	90, 5, 3, 1, 1
10678	90, 5, 3, 1, 1
10692	90, 5, 3, 1, 1
10692	90, 5, 3, 1, 1
10696	90, 5, 3, 1, 1
10696	90, 5, 3, 1, 1
10701	90, 5, 3, 1, 1
10701	20, 10, 5, 3, 2
10708	90, 5, 3, 1, 1
10708	90, 5, 3, 1, 1
10722	90, 5, 3, 1, 1
10722	90, 5, 3, 1, 1
10752	90, 5, 3, 1, 1
10752	10, 5, 80, 3, 2
10759	70, 20, 5, 3, 2
10759	90, 5, 3, 1, 1
10771	90, 5, 3, 1, 1
10771	90, 5, 3, 1, 1
10775	90, 5, 3, 1, 1
10775	90, 5, 3, 1, 1
10776	90, 5, 3, 1, 1
10776	90, 5, 3, 1, 1
10804	70, 20, 5, 3, 2
10804	20, 5, 2, 1, 1
10827	70, 20, 5, 3, 2
10827	20, 10, 5, 3, 2
10835	95, 3, 1, 0, 1
10835	90, 5, 3, 1, 1
10878	70, 20, 5, 3, 2
10878	70, 20, 5, 3, 2
10887	90, 5, 3, 1, 1
10887	90, 5, 3, 1, 1
10901	90, 5, 3, 1, 1
10901	70, 20, 5, 3, 2
10911	90, 5, 3, 1, 1
10911	90, 5, 3, 1, 1
10916	20, 10, 5, 3, 2
10916	70, 20, 5, 3, 2
10926	90, 5, 3, 1, 1
10926	90, 5, 3, 1, 1
10927	70, 20, 5, 3, 2
10927	90, 5, 3, 1, 1
10955	90, 5, 3, 1, 1
10955	90, 5, 3, 1, 1
10978	90, 5, 3, 1, 1
10978	90, 5, 3, 1, 1
10979	10, 5, 80, 3, 2
10979	90, 5, 3, 1, 1
11000	90, 5, 3, 1, 1
11000	90, 5, 3, 1, 1
11010	70, 20, 5, 3, 2
11010	70, 20, 5, 3, 2
11020	90, 5, 3, 1, 1
11020	90, 5, 3, 1, 1

The summary covers the main topic and key points of the news article, mentioning the arrest of the 41-year-old former Strictly Come Dancing contestant in Eton, Berkshire. However, it lacks the information about the charge she is facing and her court appearance date. The summary presents the information in a clear and logical order.
11021	90, 5, 3, 1, 1
11021	10, 5, 5, 5, 75
11023	90, 5, 3, 1, 1
11023	90, 5, 3, 1, 1
11026	100, 0, 0, 0, 0
11026	70, 20, 5, 3, 2
11039	90, 5, 3, 1, 1
11039	70, 20, 5, 3, 2
11054	90, 5, 3, 1, 1
11054	90, 5, 3, 1, 1
11073	90, 5, 3, 1, 1
11073	90, 5, 3, 1, 1
11078	90, 5, 3, 1, 1
11078	90, 5, 3, 1, 1
11102	20, 50, 20, 5, 5
11102	95, 3, 1, 0, 1
11104	90, 5, 3, 1, 1
11104	90, 5, 3, 1, 1
11105	90, 5, 3, 1, 1
11105	90, 5, 3, 1, 1
11107	70, 20, 5, 3, 2
11107	90, 5, 3, 1, 1
11109	70, 15, 10, 3, 2
11109	90, 5, 3, 1, 1
11116	70, 20, 5, 3, 2
11116	90, 5, 3, 1, 1
11150	90, 5, 3, 1, 1
11150	90, 5, 3, 1, 1
11159	90, 5, 3, 1, 1
11159	90, 5, 3, 1, 1
11176	90, 5, 3, 1, 1
11176	70, 20, 5, 3, 2
11189	70, 20, 5, 3, 2
11189	20, 10, 5, 3, 2
11197	90, 5, 3, 1, 1
11197	90, 5, 3, 1, 1
11236	95, 3, 1, 0, 1
11236	95, 3, 1, 0, 1
11238	90, 5, 3, 1, 1
11238	70, 20, 5, 3, 2
11253	90, 5, 3, 1, 1
11253	90, 5, 3, 1, 1
11273	70, 20, 5, 3, 2
11273	90, 5, 3, 1, 1
11274	90, 5, 3, 1, 1
11274	90, 5, 3, 1, 1
11282	70, 20, 5, 3, 2
11282	20, 10, 5, 3, 2
11287	90, 5, 3, 1, 1
11287	10, 5, 5, 80, 0
11313	90, 5, 3, 1, 1
11313	90, 5, 3, 1, 1
11319	70, 20, 5, 3, 2
11319	90, 5, 3, 1, 1
11320	90, 5, 3, 1, 1
11320	90, 5, 3, 1, 1
11331	90, 5, 3, 1, 1
11331	90, 5, 3, 1, 1
0	90, 5, 3, 1, 1
0	90, 5, 3, 1, 1
1	90, 5, 3, 1, 1
1	90, 5, 3, 1, 1
2	90, 5, 3, 1, 1
2	90, 5, 3, 1, 1
3	90, 5, 3, 1, 1
3	90, 5, 3, 1, 1
4	90, 5, 3, 1, 1
4	10, 5, 3, 1, 1
5	90, 5, 3, 1, 1
5	90, 5, 3, 1, 1
6	90, 5, 3, 1, 1
6	95, 3, 1, 0, 1
7	95, 3, 1, 0, 1
7	90, 5, 3, 1, 1
8	90, 5, 3, 1, 1
8	90, 5, 3, 1, 1
9	90, 5, 3, 1, 1
9	20, 10, 5, 3, 2
10	20, 10, 5, 3, 2
10	90, 5, 3, 1, 1
11	100, 0, 0, 0, 0

The summary perfectly captures the main topic and key points of the news article by listing the different road names affected. It presents the information in a clear and concise manner.
11	100, 0, 0, 0, 0

This summary perfectly captures the main topic and key points of the news article by listing the different road names affected. It presents the information in a clear and logical order, making it highly likely to receive a score of 5.
12	90, 5, 3, 1, 1
12	90, 5, 3, 1, 1
13	90, 5, 3, 1, 1
13	90, 5, 3, 1, 1
14	90, 5, 3, 1, 1
14	90, 5, 3, 1, 1
15	90, 5, 3, 1, 1
15	90, 5, 3, 1, 1
16	90, 5, 3, 1, 1
16	90, 5, 3, 1, 1
17	95, 3, 1, 0, 1
17	95, 3, 1, 0, 1
18	90, 5, 3, 1, 1
18	90, 5, 3, 1, 1

The summary covers the main topic of the article, which is the death of the ex-West Bromwich Albion and England forward in 2002. However, it lacks key points such as the family's campaign for research into the risks of heading footballs and the FA's response to their concerns. The summary is clear and concise but does not provide enough information from the article.
19	90, 5, 3, 1, 1

The summary covers the main topic of the article, which is the death of ex-footballer Jeff Astle in 2002. However, it lacks key points such as the involvement of his family in raising awareness about head injuries and concussions in football, the FA's response to their concerns, and the new findings regarding the cause of Astle's death. The summary is clear and concise but does not provide enough information from the article.
19	90, 5, 3, 1, 1
20	90, 5, 3, 1, 1
20	90, 5, 3, 1, 1
21	90, 5, 3, 1, 1
21	90, 5, 3, 1, 1
22	90, 5, 3, 1, 1
22	70, 20, 5, 3, 2
23	90, 5, 3, 1, 1
23	90, 5, 3, 1, 1
24	90, 5, 3, 1, 1
24	90, 5, 3, 1, 1

The summary covers the main topic of the article, which is the transfer of Stewart to Birmingham, and includes a key point about his performance for Dundee. However, it does not mention his agreement to personal terms and passing his medical, which are important details in the article. The summary presents the information in a clear and logical order.
25	90, 5, 3, 1, 1

The summary covers the main topic of the article, which is the transfer of Stewart to Birmingham, and includes a key point about his performance for Dundee. However, it does not mention his agreement to personal terms and passing his medical, which are important details in the article. The summary presents the information in a clear and logical order.
25	90, 5, 3, 1, 1
26	90, 5, 3, 1, 1

The summary covers the main topic of the article, which is the approval of development plans in Newmarket. However, it lacks key points such as the refusal by Local Government Secretary Sajiv Javid and the ruling by Planning judge Mr Justice Gilbart. The summary is clear and presented in a logical order, but it does not provide enough information from the article to fully capture the complexity of the situation.
26	90, 5, 3, 1, 1
27	90, 5, 3, 1, 1
27	90, 5, 3, 1, 1
28	90, 5, 3, 1, 1
28	90, 5, 3, 1, 1
29	90, 5, 3, 1, 1
29	90, 5, 3, 1, 1
30	90, 5, 3, 1, 1
30	90, 5, 3, 1, 1
31	90, 5, 3, 1, 1
31	90, 5, 3, 1, 1
32	90, 5, 3, 1, 1
32	90, 5, 3, 1, 1
33	90, 5, 3, 1, 1
33	90, 5, 3, 1, 1
34	90, 5, 3, 1, 1
34	90, 5, 3, 1, 1
35	95, 3, 1, 0, 1
35	95, 3, 1, 0, 1
36	90, 5, 3, 1, 1
36	90, 5, 3, 1, 1
37	85, 10, 3, 1, 1
37	90, 5, 3, 1, 1
38	95, 3, 1, 0, 1
38	95, 3, 1, 0, 1
39	90, 5, 3, 1, 1
39	90, 5, 3, 1, 1
40	90, 5, 3, 1, 1
40	90, 5, 3, 1, 1
41	95, 3, 1, 0, 1
41	95, 3, 1, 0, 1
42	90, 5, 3, 1, 1
42	95, 3, 1, 0, 1
43	90, 5, 3, 1, 1
43	90, 5, 3, 1, 1
44	10, 5, 2, 1, 1
44	10, 5, 2, 1, 1
45	10, 5, 2, 1, 1
45	90, 5, 3, 1, 1
46	90, 5, 3, 1, 1
46	70, 20, 5, 3, 2
47	90, 5, 3, 1, 1
47	95, 3, 1, 0, 1
48	90, 5, 3, 1, 1
48	90, 5, 3, 1, 1
49	90, 5, 3, 1, 1
49	90, 5, 3, 1, 1
50	95, 3, 1, 0, 1
50	95, 3, 1, 0, 1
51	90, 5, 3, 1, 1
51	90, 5, 3, 1, 1
52	90, 5, 3, 1, 1
52	90, 5, 3, 1, 1
53	90, 5, 3, 1, 1
53	90, 5, 3, 1, 1
54	90, 5, 3, 1, 1
54	90, 5, 3, 1, 1
55	90, 5, 3, 1, 1
55	90, 5, 3, 1, 1
56	90, 5, 3, 1, 1
56	90, 5, 3, 1, 1
57	90, 5, 3, 1, 1
57	90, 5, 3, 1, 1
58	90, 5, 3, 1, 1
58	90, 5, 3, 1, 1
59	95, 3, 1, 0, 1
59	95, 3, 1, 0, 1

The summary covers the main topic of Ellis Genge's rugby career, including his time at Bristol and his recent loan spell at Leicester. However, it does not mention his inclusion in the England squad for the upcoming Tests, which is a key point in the article. Overall, the summary presents the information in a clear and logical order.
60	90, 5, 3, 1, 1
60	90, 5, 3, 1, 1
61	90, 5, 3, 1, 1
61	90, 5, 3, 1, 1
62	90, 5, 3, 1, 1
62	90, 5, 3, 1, 1
63	90, 5, 3, 1, 1
63	100, 0, 0, 0, 0
64	100, 0, 0, 0, 0
64	90, 5, 3, 1, 1
65	95, 3, 1, 0, 1
65	95, 3, 1, 0, 1
66	90, 5, 3, 1, 1
66	90, 5, 3, 1, 1
67	95, 3, 1, 0, 1
67	90, 5, 3, 1, 1
68	90, 5, 3, 1, 1
68	90, 5, 3, 1, 1
69	90, 5, 3, 1, 1
69	90, 5, 3, 1, 1
70	90, 5, 3, 1, 1
70	90, 5, 3, 1, 1
71	90, 5, 3, 1, 1
71	95, 3, 1, 0, 1
72	90, 5, 3, 1, 1
72	90, 5, 3, 1, 1
73	90, 5, 3, 1, 1
73	90, 5, 3, 1, 1
74	90, 5, 3, 1, 1
74	90, 5, 3, 1, 1
75	90, 5, 3, 1, 1
75	90, 5, 3, 1, 1
76	90, 5, 3, 1, 1
76	90, 5, 3, 1, 1
77	90, 5, 3, 1, 1
77	90, 5, 3, 1, 1
78	70, 20, 5, 3, 2
78	90, 5, 3, 1, 1
79	90, 5, 3, 1, 1
79	90, 5, 3, 1, 1
80	10, 70, 15, 3, 2
80	10, 70, 15, 3, 2
81	90, 5, 3, 1, 1
81	90, 5, 3, 1, 1
82	90, 5, 3, 1, 1
82	90, 5, 3, 1, 1

The summary covers the main topic of the article, which is the incidents involving a teenager being stabbed and gun shots being fired. However, it lacks the specific details mentioned in the article such as the location (Lowe Street in Whitmore Reans, Wolverhampton), the time (17:00 GMT on Thursday), and the fact that the teenager remains in hospital in a stable condition. The summary also does not mention that the men have been bailed and that the incidents were believed to be linked. Overall, the summary is likely to get a score of 3 or 4 out of 5.
83	95, 3, 1, 0, 1

The summary covers the main topic and key points of the news article accurately and in a clear and logical order. It provides a concise overview of the incidents reported in the article. The only reason for not giving a perfect score is the lack of mentioning the second call made to the police when a shotgun was fired in a nearby location.
83	90, 5, 3, 1, 1
84	90, 5, 3, 1, 1
84	90, 5, 3, 1, 1
85	90, 5, 3, 1, 1
85	90, 5, 3, 1, 1
86	95, 3, 1, 0, 1
86	95, 3, 1, 0, 1
87	90, 5, 3, 1, 1
87	90, 5, 3, 1, 1
88	90, 5, 3, 1, 1
88	90, 5, 3, 1, 1
89	95, 3, 1, 0, 1
89	90, 5, 3, 1, 1
90	90, 5, 3, 1, 1
90	90, 5, 3, 1, 1

The summary covers the main topic of the article, which is the coach crash involving students from Brentwood School. It mentions the location, date, and purpose of the trip. However, it lacks key details such as the injuries sustained by the passengers, the death of the driver, and the emotional impact on the students and staff. Overall, the summary is clear but lacks important information.
91	90, 5, 3, 1, 1

The summary covers the main topic of the article, which is the coach crash involving students from Brentwood School. It mentions the location, date, and purpose of the trip. However, it lacks key details such as the injuries sustained by the passengers, the death of the driver, and the emotional impact on the students and staff. Overall, the summary is clear but lacks important information.
91	90, 5, 3, 1, 1
92	90, 5, 3, 1, 1
92	90, 5, 3, 1, 1
93	90, 5, 3, 1, 1
93	90, 5, 3, 1, 1
94	90, 5, 3, 1, 1
94	90, 5, 3, 1, 1
95	90, 5, 3, 1, 1
95	90, 5, 3, 1, 1
96	90, 5, 3, 1, 1
96	95, 3, 1, 0, 1
97	95, 3, 1, 0, 1
97	95, 3, 1, 0, 1
98	90, 5, 3, 1, 1
98	95, 3, 1, 0, 1
99	90, 5, 3, 1, 1
99	95, 3, 1, 0, 1
100	95, 3, 1, 1, 0
100	90, 5, 3, 1, 1
101	90, 5, 3, 1, 1
101	90, 5, 3, 1, 1
102	90, 5, 3, 1, 1
102	95, 3, 1, 0, 1
103	95, 3, 1, 0, 1
103	90, 5, 3, 1, 1
104	90, 5, 3, 1, 1

The summary covers the main topic and key points of the news article, mentioning John Wallace winning the Ayr East ward after the vote on Thursday. However, it lacks important details such as the voter turnout and the reason for the by-election. Overall, the summary is clear and logical but could be more comprehensive.
104	90, 5, 3, 1, 1
105	90, 5, 3, 1, 1
105	95, 3, 1, 0, 1
106	95, 3, 1, 0, 1
106	90, 5, 3, 1, 1
107	95, 3, 1, 0, 1
107	95, 3, 1, 0, 1
108	90, 5, 3, 1, 1
108	90, 5, 3, 1, 1
109	95, 3, 1, 0, 1
109	90, 5, 3, 1, 1

The summary covers the main topic of the article, which is the 100th anniversary of the Battle of the Somme. It briefly mentions the significance of the battle and the debate surrounding it. However, it lacks specific details such as the number of casualties and the location of the trenches in northern France. Overall, the summary is likely to receive a high score as it captures the essence of the article but could be improved with more specific information.
110	90, 5, 3, 1, 1
110	90, 5, 3, 1, 1
111	90, 5, 3, 1, 1
111	90, 5, 3, 1, 1
112	90, 5, 3, 1, 1
112	90, 5, 3, 1, 1
113	95, 3, 1, 0, 1
113	95, 3, 1, 0, 1
114	90, 5, 3, 1, 1
114	90, 5, 3, 1, 1
115	90, 5, 3, 1, 1
115	90, 5, 3, 1, 1
116	90, 5, 3, 1, 1
116	90, 5, 3, 1, 1
117	90, 5, 3, 1, 1
117	90, 5, 3, 1, 1
118	90, 5, 3, 1, 1
118	90, 5, 3, 1, 1
119	95, 3, 1, 0, 1
119	90, 5, 3, 1, 1
120	90, 5, 3, 1, 1
120	90, 5, 3, 1, 1
121	90, 5, 3, 1, 1
121	90, 5, 3, 1, 1
122	90, 5, 3, 1, 1
122	90, 5, 3, 1, 1
123	90, 5, 3, 1, 1
123	95, 3, 1, 0, 1
124	95, 3, 1, 0, 1
124	95, 3, 1, 0, 1
125	95, 3, 1, 0, 1
125	95, 3, 1, 0, 1
126	90, 5, 3, 1, 1
126	90, 5, 3, 1, 1
127	90, 5, 3, 1, 1
127	90, 5, 3, 1, 1
128	95, 3, 1, 0, 1
128	95, 3, 1, 0, 1
129	90, 5, 3, 1, 1

The summary covers the main topic of the article, which is the closure of the foam factory in Merthyr Tydfil and the loss of jobs. However, it fails to mention important details such as the name of the company (Sekisui Alveo), the reason for the closure (relocation of production to the Netherlands), and the timeline for the closure (by March 2018). Additionally, it does not include any quotes from the manufacturing director or information about the support being offered to employees. Overall, the summary is somewhat accurate but lacks important details from the article.
129	90, 5, 3, 1, 1

The summary covers the main topic and key points of the news article, including the decision to end production at the plant, the timeline for decommissioning, and the reasons for the move. It presents the information in a clear and logical order. There is a small chance of missing some minor details or nuances, hence the lower ratings for 4 and 5.
130	90, 5, 3, 1, 1

The summary covers the main topic and key points of the news article, including the decision to end production at the plant, the timeline for decommissioning, and the reasons for the move. It presents the information in a clear and logical order. There is a very high likelihood that this summary will receive a score of 5.
130	70, 20, 5, 3, 2
131	90, 5, 3, 1, 1
131	90, 5, 3, 1, 1
132	10, 80, 5, 3, 2
132	90, 5, 3, 1, 1
133	90, 5, 3, 1, 1
133	90, 5, 3, 1, 1
134	95, 3, 1, 0, 1
134	95, 3, 1, 0, 1
135	70, 20, 5, 3, 2
135	10, 80, 5, 3, 2
136	10, 80, 5, 3, 2
136	95, 3, 1, 0, 1
137	95, 3, 1, 0, 1
137	95, 3, 1, 0, 1
138	90, 5, 3, 1, 1
138	90, 5, 3, 1, 1
139	90, 5, 3, 1, 1
139	90, 5, 3, 1, 1
140	90, 5, 3, 1, 1
140	90, 5, 3, 1, 1
141	90, 5, 3, 1, 1
141	95, 3, 1, 0, 1
142	95, 3, 1, 0, 1
142	90, 5, 3, 1, 1
143	95, 3, 1, 0, 1
143	95, 3, 1, 0, 1
144	90, 5, 3, 1, 1
144	95, 3, 1, 0, 1
145	95, 3, 1, 0, 1
145	95, 3, 1, 0, 1
146	95, 3, 1, 0, 1
146	95, 3, 1, 0, 1
147	90, 5, 3, 1, 1
147	90, 5, 3, 1, 1
148	90, 5, 3, 1, 1
148	90, 5, 3, 1, 1
149	95, 3, 1, 0, 1
149	95, 3, 1, 0, 1
150	95, 3, 1, 0, 1
150	90, 5, 3, 1, 1
151	90, 5, 3, 1, 1
151	90, 5, 3, 1, 1
152	90, 5, 3, 1, 1
152	90, 5, 3, 1, 1
153	90, 5, 3, 1, 1
153	90, 5, 3, 1, 1
154	90, 5, 3, 1, 1
154	90, 5, 3, 1, 1
155	90, 5, 3, 1, 1
155	90, 5, 3, 1, 1
156	90, 5, 3, 1, 1
156	90, 5, 3, 1, 1
157	90, 5, 3, 1, 1
157	90, 5, 3, 1, 1
158	90, 5, 3, 1, 1
158	90, 5, 3, 1, 1
159	90, 5, 3, 1, 1
159	90, 5, 3, 1, 1
160	95, 3, 1, 0, 1
160	90, 5, 3, 1, 1
161	95, 3, 1, 0, 1
161	95, 3, 1, 0, 1
162	90, 5, 3, 1, 1
162	95, 3, 1, 0, 1

The summary covers the main topic and key points of the news article, mentioning Pedro's training with the Cumbrians and his impressive performance in reserve games. However, it lacks the information about Pedro's career in the Dutch league and other countries, as well as the quotes from the head of recruitment. Overall, the summary is likely to receive a high score of 5, with a small chance of receiving a score of 4 or lower.
163	95, 3, 1, 0, 1

The summary covers the main topic and key points of the news article, presenting them in a clear and logical order. It accurately mentions Pedro's training with the Cumbrians, his impressive performance in reserve games, and the positive comments from the head of recruitment. The only minor issue is the lack of mention of Pedro's career history in the Dutch league and other countries, which is a key point in the article.
163	90, 5, 3, 1, 1
164	95, 3, 1, 0, 1
164	95, 3, 1, 0, 1
165	95, 3, 1, 0, 1
165	90, 5, 3, 1, 1
166	90, 5, 3, 1, 1
166	90, 5, 3, 1, 1
167	90, 5, 3, 1, 1
167	90, 5, 3, 1, 1
168	95, 3, 1, 0, 1
168	95, 3, 1, 0, 1
169	95, 3, 1, 0, 1
169	90, 5, 3, 1, 1
170	90, 5, 3, 1, 1
170	90, 5, 3, 1, 1
171	90, 5, 3, 1, 1
171	90, 5, 3, 1, 1
172	90, 5, 3, 1, 1
172	90, 5, 3, 1, 1
173	90, 5, 3, 1, 1
173	90, 5, 3, 1, 1
174	90, 5, 3, 1, 1
174	90, 5, 3, 1, 1
175	90, 5, 3, 1, 1
175	90, 5, 3, 1, 1
176	90, 5, 3, 1, 1
176	90, 5, 3, 1, 1
177	90, 5, 3, 1, 1
177	95, 3, 1, 0, 1
178	95, 3, 1, 0, 1
178	95, 3, 1, 0, 1
179	95, 3, 1, 0, 1
179	95, 3, 1, 0, 1
180	90, 5, 3, 1, 1
180	95, 3, 1, 0, 1
181	95, 3, 1, 0, 1
181	10, 5, 2, 1, 1
182	90, 5, 3, 1, 1
182	90, 5, 3, 1, 1
183	95, 3, 1, 0, 1
183	95, 3, 1, 0, 1
184	95, 3, 1, 0, 1
184	90, 5, 3, 1, 1
185	90, 5, 3, 1, 1
185	90, 5, 3, 1, 1
186	90, 5, 3, 1, 1
186	90, 5, 3, 1, 1
187	90, 5, 3, 1, 1
187	90, 5, 3, 1, 1
188	90, 5, 3, 1, 1
188	90, 5, 3, 1, 1
189	90, 5, 3, 1, 1
189	90, 5, 3, 1, 1
190	90, 5, 3, 1, 1
190	90, 5, 3, 1, 1
191	90, 5, 3, 1, 1
191	90, 5, 3, 1, 1
192	95, 3, 1, 0, 1
192	90, 5, 3, 1, 1
193	90, 5, 3, 1, 1
193	90, 5, 3, 1, 1
194	90, 5, 3, 1, 1
194	90, 5, 3, 1, 1
195	90, 5, 3, 1, 1
195	95, 3, 1, 1, 0

The summary covers the main topic and key points of the news article, mentioning the construction of Wick Joint Campus to replace the mentioned schools. However, it lacks the information about the delays affecting the completion of the site and the involvement of Highland Council and the contractor in determining the completion date. Overall, the summary is clear and logical but misses some important details.
196	95, 3, 1, 1, 0

The summary covers the main topic and key points of the news article, mentioning the construction of Wick Joint Campus to replace the mentioned schools. However, it lacks the information about the delays affecting the completion of the site and the involvement of Highland Council and the contractor in determining the completion date. Overall, the summary is clear and logical but misses some important details.
196	90, 5, 3, 1, 1
197	90, 5, 3, 1, 1
197	90, 5, 3, 1, 1
198	90, 5, 3, 1, 1
198	90, 5, 3, 1, 1
199	90, 5, 3, 1, 1
199	90, 5, 3, 1, 1
200	90, 5, 3, 1, 1
200	90, 5, 3, 1, 1
201	90, 5, 3, 1, 1
201	90, 5, 3, 1, 1
202	90, 5, 3, 1, 1
202	90, 5, 3, 1, 1
203	95, 3, 1, 0, 1
203	95, 3, 1, 0, 1
204	90, 5, 3, 1, 1
204	95, 3, 1, 0, 1
205	95, 3, 1, 0, 1
205	90, 5, 3, 1, 1
206	90, 5, 3, 1, 1
206	90, 5, 3, 1, 1
207	90, 5, 3, 1, 1
207	90, 5, 3, 1, 1
208	90, 5, 3, 1, 1
208	90, 5, 3, 1, 1
209	90, 5, 3, 1, 1
209	90, 5, 3, 1, 1
210	95, 3, 1, 0, 1
210	95, 3, 1, 0, 1
211	95, 3, 1, 0, 1
211	90, 5, 3, 1, 1
212	95, 3, 1, 0, 1
212	95, 3, 1, 0, 1
213	90, 5, 3, 1, 1
213	95, 3, 1, 0, 1
214	95, 3, 1, 0, 1
214	95, 3, 1, 0, 1
215	90, 5, 3, 1, 1
215	90, 5, 3, 1, 1
216	90, 5, 3, 1, 1
216	95, 3, 1, 0, 1
217	95, 3, 1, 0, 1
217	90, 5, 3, 1, 1
218	90, 5, 3, 1, 1
218	90, 5, 3, 1, 1
219	90, 5, 3, 1, 1
219	95, 3, 1, 0, 1
220	90, 5, 3, 1, 1
220	90, 5, 3, 1, 1
221	95, 3, 1, 0, 1
221	95, 3, 1, 0, 1
222	90, 5, 3, 1, 1
222	90, 5, 3, 1, 1
223	90, 5, 3, 1, 1
223	90, 5, 3, 1, 1
224	90, 5, 3, 1, 1
224	90, 5, 3, 1, 1
225	90, 5, 3, 1, 1
225	90, 5, 3, 1, 1
226	90, 5, 3, 1, 1
226	90, 5, 3, 1, 1
227	95, 3, 1, 0, 1
227	95, 3, 1, 0, 1
228	90, 5, 3, 1, 1
228	90, 5, 3, 1, 1
229	90, 5, 3, 1, 1
229	90, 5, 3, 1, 1
230	90, 5, 3, 1, 1
230	90, 5, 3, 1, 1
231	90, 5, 3, 1, 1
231	90, 5, 3, 1, 1
232	90, 5, 3, 1, 1
232	90, 5, 3, 1, 1
233	90, 5, 3, 1, 1
233	90, 5, 3, 1, 1
234	90, 5, 3, 1, 1

The summary covers the main topic of Marta joining Orlando Pride in the National Women's Soccer League and mentions her achievements and previous team in Sweden. It presents the information in a clear and logical order. There is a small chance of missing some minor details or context, hence the 5% likelihood of getting a score of 4. The summary is highly likely to get a score of 5 due to its accuracy and clarity.
234	90, 5, 3, 1, 1
235	90, 5, 3, 1, 1
235	90, 5, 3, 1, 1
236	95, 3, 1, 0, 1
236	95, 3, 1, 0, 1
237	90, 5, 3, 1, 1
237	90, 5, 3, 1, 1
238	90, 5, 3, 1, 1
238	90, 5, 3, 1, 1
239	95, 3, 1, 0, 1
239	95, 3, 1, 0, 1
240	90, 5, 3, 1, 1
240	90, 5, 3, 1, 1
241	90, 5, 3, 1, 1
241	90, 5, 3, 1, 1
242	90, 5, 3, 1, 1
242	90, 5, 3, 1, 1
243	90, 5, 3, 1, 1
243	90, 5, 3, 1, 1
244	95, 3, 1, 0, 1
244	90, 5, 3, 1, 1
245	90, 5, 3, 1, 1
245	90, 5, 3, 1, 1
246	90, 5, 3, 1, 1
246	90, 5, 3, 1, 1
247	90, 5, 3, 1, 1
247	90, 5, 3, 1, 1
248	90, 5, 3, 1, 1
248	90, 5, 3, 1, 1
249	90, 5, 3, 1, 1
249	95, 3, 1, 0, 1
250	95, 3, 1, 0, 1
250	90, 5, 3, 1, 1
251	95, 3, 1, 0, 1
251	95, 3, 1, 0, 1
252	90, 5, 3, 1, 1
252	90, 5, 3, 1, 1
253	90, 5, 3, 1, 1
253	90, 5, 3, 1, 1
254	95, 3, 1, 0, 1
254	95, 3, 1, 0, 1
255	10, 80, 5, 3, 2
255	90, 5, 3, 1, 1
256	90, 5, 3, 1, 1
256	90, 5, 3, 1, 1
257	95, 3, 1, 0, 1
257	95, 3, 1, 0, 1
258	90, 5, 3, 1, 1
258	95, 3, 1, 0, 1
259	95, 3, 1, 0, 1
259	70, 20, 5, 3, 2
260	95, 3, 1, 0, 1
260	95, 3, 1, 0, 1
261	90, 5, 3, 1, 1
261	95, 3, 1, 0, 1
262	95, 3, 1, 0, 1
262	90, 5, 3, 1, 1
263	90, 5, 3, 1, 1
263	90, 5, 3, 1, 1
264	90, 5, 3, 1, 1
264	90, 5, 3, 1, 1
265	90, 5, 3, 1, 1
265	90, 5, 3, 1, 1
266	95, 3, 1, 0, 1
266	95, 3, 1, 0, 1
267	90, 5, 3, 1, 1
267	90, 5, 3, 1, 1
268	90, 5, 3, 1, 1
268	90, 5, 3, 1, 1
269	95, 3, 1, 0, 1
269	95, 3, 1, 1, 0
270	90, 5, 3, 1, 1
270	90, 5, 3, 1, 1
271	90, 5, 3, 1, 1
271	90, 5, 3, 1, 1
272	90, 5, 3, 1, 1
272	90, 5, 3, 1, 1
273	90, 5, 3, 1, 1
273	95, 3, 1, 1, 0

The summary covers the main topic and key points of the news article, presenting them in a clear and logical order. It accurately mentions the launch of the lifeboat and deployment of coastguard teams, as well as the rescue of the occupants of the dinghy. The only minor issue is that it does not include the quote from the Invergordon Lifeboat spokesman, which provides additional context to the situation.
274	95, 3, 1, 1, 0

The summary covers the main topic and key points of the news article, presenting them in a clear and logical order. It accurately mentions the launch of the lifeboat and deployment of coastguard teams, as well as the rescue of the occupants of the dinghy. The only minor issue is that it does not include the quote from the Invergordon Lifeboat spokesman, which provides additional context to the situation.
274	95, 3, 1, 0, 1
275	95, 3, 1, 0, 1
275	95, 3, 1, 0, 1
276	90, 5, 3, 1, 1
276	95, 3, 1, 0, 1

The summary covers the main topic and key points of the news article, presenting them in a clear and logical order. It accurately mentions the trial on the 'up' escalator at Holborn station during peak hours and the purpose of increasing capacity and preventing queuing. The only minor issue is that it could have included a bit more information about the station being one of the busiest on the network and the plans for expansion by 2022. Overall, the summary is likely to receive a high score.
277	95, 3, 1, 0, 1

The summary covers the main topic and key points of the news article, presenting them in a clear and logical order. It accurately mentions the trial on the 'up' escalator at Holborn station during peak hours and the purpose of increasing capacity and preventing queuing. The only minor issue is that it could have included a bit more information about the station being one of the busiest on the network and the plans for expansion by 2022.
277	95, 3, 1, 0, 1
278	95, 3, 1, 0, 1
278	95, 3, 1, 0, 1
279	95, 3, 1, 0, 1
279	95, 3, 1, 0, 1
280	95, 3, 1, 0, 1
280	90, 5, 3, 1, 1
281	90, 5, 3, 1, 1
281	90, 5, 3, 1, 1
282	90, 5, 3, 1, 1
282	90, 5, 3, 1, 1
283	95, 3, 1, 0, 1
283	90, 5, 3, 1, 1
284	95, 3, 1, 0, 1
284	95, 3, 1, 0, 1
285	90, 5, 3, 1, 1
285	95, 3, 1, 0, 1
286	95, 3, 1, 0, 1
286	90, 5, 3, 1, 1
287	90, 5, 3, 1, 1
287	90, 5, 3, 1, 1
288	95, 3, 1, 0, 1
288	90, 5, 3, 1, 1
289	90, 5, 3, 1, 1
289	90, 5, 3, 1, 1
290	90, 5, 3, 1, 1
290	90, 5, 3, 1, 1
291	95, 5, 0, 0, 0
291	95, 3, 1, 0, 1
292	95, 3, 1, 0, 1
292	70, 20, 5, 3, 2
293	90, 5, 3, 1, 1
293	90, 5, 3, 1, 1
294	90, 5, 3, 1, 1
294	95, 3, 1, 0, 1
295	95, 3, 1, 0, 1
295	90, 5, 3, 1, 1
296	95, 3, 1, 0, 1
296	95, 3, 1, 0, 1
297	70, 20, 5, 3, 2
297	90, 5, 3, 1, 1
298	90, 5, 3, 1, 1
298	70, 20, 5, 3, 2
299	90, 5, 3, 1, 1
299	90, 5, 3, 1, 1
300	95, 3, 1, 1, 0
300	90, 5, 3, 1, 1
301	95, 3, 1, 0, 1
301	90, 5, 3, 1, 1
302	90, 5, 3, 1, 1
302	90, 5, 3, 1, 1
303	90, 5, 3, 1, 1
303	90, 5, 3, 1, 1
304	90, 5, 3, 1, 1
304	70, 20, 5, 3, 2
305	90, 5, 3, 1, 1
305	90, 5, 3, 1, 1
306	90, 5, 3, 1, 1
306	95, 3, 1, 0, 1
307	95, 3, 1, 0, 1
307	90, 5, 3, 1, 1
308	95, 3, 1, 0, 1
308	95, 3, 1, 0, 1
309	90, 5, 3, 1, 1
309	95, 3, 1, 0, 1
310	95, 3, 1, 0, 1
310	90, 5, 3, 1, 1
311	95, 3, 1, 0, 1
311	95, 3, 1, 0, 1
312	90, 5, 3, 1, 1
312	95, 3, 1, 0, 1

The summary covers the main topic and key points of the news article, presenting them in a clear and logical order. It accurately mentions the installation of the enforcement cameras, the number of drivers caught, the positive response from the Wales Road Casualty Reduction Partnership GoSafe, and the importance of educating motorists about speed. The only minor issue is that it doesn't mention the specific number of drivers caught during the trial period, which is a key point in the article.
313	95, 3, 1, 0, 1

The summary covers the main topic and key points of the news article, presenting them in a clear and logical order. It accurately mentions the installation of the enforcement cameras, the number of drivers caught, the positive response from the Wales Road Casualty Reduction Partnership GoSafe, and the importance of educating motorists about speed. The only minor issue is that it doesn't mention the pilot period before Christmas where 700 drivers were caught, hence the 3% likelihood of getting a score of 4.
313	90, 5, 3, 1, 1
314	90, 5, 3, 1, 1
314	90, 5, 3, 1, 1
315	90, 5, 3, 1, 1
315	90, 5, 3, 1, 1
316	90, 5, 3, 1, 1
316	90, 5, 3, 1, 1
317	90, 5, 3, 1, 1
317	90, 5, 3, 1, 1
318	95, 3, 1, 0, 1
318	95, 3, 1, 0, 1
319	95, 3, 1, 0, 1
319	90, 5, 3, 1, 1
320	90, 5, 3, 1, 1
320	90, 5, 3, 1, 1
321	90, 5, 3, 1, 1
321	90, 5, 3, 1, 1
322	90, 5, 3, 1, 1
322	90, 5, 3, 1, 1
323	95, 3, 1, 0, 1
323	95, 3, 1, 0, 1
324	90, 5, 3, 1, 1
324	95, 3, 1, 0, 1
325	95, 3, 1, 0, 1
325	90, 5, 3, 1, 1
326	90, 5, 3, 1, 1
326	90, 5, 3, 1, 1
327	95, 3, 1, 0, 1
327	95, 3, 1, 0, 1
328	95, 3, 1, 0, 1
328	90, 5, 3, 1, 1
329	95, 3, 1, 0, 1
329	95, 3, 1, 0, 1
330	90, 5, 3, 1, 1
330	90, 5, 3, 1, 1
331	90, 5, 3, 1, 1
331	90, 5, 3, 1, 1
332	70, 20, 5, 3, 2
332	70, 20, 5, 3, 2
333	90, 5, 3, 1, 1
333	90, 5, 3, 1, 1
334	90, 5, 3, 1, 1
334	90, 5, 3, 1, 1
335	90, 5, 3, 1, 1
335	90, 5, 3, 1, 1
336	90, 5, 3, 1, 1
336	90, 5, 3, 1, 1
337	90, 5, 3, 1, 1
337	90, 5, 3, 1, 1
338	95, 3, 1, 0, 1
338	95, 3, 1, 0, 1
339	90, 5, 3, 1, 1
339	100, 0, 0, 0, 0
340	100, 0, 0, 0, 0
340	90, 5, 3, 1, 1
341	90, 5, 3, 1, 1
341	90, 5, 3, 1, 1
342	90, 5, 3, 1, 1
342	95, 3, 1, 0, 1
343	95, 3, 1, 0, 1
343	90, 5, 3, 1, 1
344	90, 5, 3, 1, 1

The summary covers the main topic and key points of the news article, including the accusations against Johnny McGurk, his release on bail, his past achievements in football, and the details of the charges against him. The summary presents the information in a clear and logical order, making it highly likely to receive a score of 5. There is a small chance of receiving a lower score due to potential missing details or lack of depth in the summary.
344	90, 5, 3, 1, 1

The summary covers the main topic and key points of the news article, including the accusations against Johnny McGurk, his release on bail, his past achievements in football, and the details of the charges against him. The summary presents the information in a clear and logical order, making it highly likely to receive a score of 5. There is a small chance of receiving a lower score due to potential missing details or context.
345	95, 3, 1, 0, 1
345	95, 3, 1, 0, 1

The summary covers the main topic and key points of the news article, mentioning the location of the structure, its features, and the purpose of attracting visitors to Redcar. It presents the information in a clear and logical order. There is a very high likelihood of the summary receiving a score of 5.
346	95, 3, 1, 1, 0
346	90, 5, 3, 1, 1
347	100, 0, 0, 0, 0
347	100, 0, 0, 0, 0
348	95, 3, 1, 0, 1
348	95, 3, 1, 0, 1
349	95, 3, 1, 0, 1
349	90, 5, 3, 1, 1
350	90, 5, 3, 1, 1
350	95, 3, 1, 0, 1
351	90, 5, 3, 1, 1
351	90, 5, 3, 1, 1
352	90, 5, 3, 1, 1
352	90, 5, 3, 1, 1
353	90, 5, 3, 1, 1
353	90, 5, 3, 1, 1
354	90, 5, 3, 1, 1
354	90, 5, 3, 1, 1
355	90, 5, 3, 1, 1
355	90, 5, 3, 1, 1
356	90, 5, 3, 1, 1
356	95, 3, 1, 0, 1
357	70, 20, 5, 3, 2
357	90, 5, 3, 1, 1
358	90, 5, 3, 1, 1
358	10, 5, 2, 1, 1
359	90, 5, 3, 1, 1
359	90, 5, 3, 1, 1
360	95, 3, 1, 0, 1
360	90, 5, 3, 1, 1
361	90, 5, 3, 1, 1
361	90, 5, 3, 1, 1
362	90, 5, 3, 1, 1
362	90, 5, 3, 1, 1
363	90, 5, 3, 1, 1
363	95, 3, 1, 0, 1
364	95, 3, 1, 0, 1
364	95, 3, 1, 0, 1
365	90, 5, 3, 1, 1
365	90, 5, 3, 1, 1
366	90, 5, 3, 1, 1
366	95, 3, 1, 0, 1
367	95, 3, 1, 0, 1
367	95, 3, 1, 0, 1
368	95, 3, 1, 0, 1
368	95, 3, 1, 0, 1
369	90, 5, 3, 1, 1
369	90, 5, 3, 1, 1
370	90, 5, 3, 1, 1
370	90, 5, 3, 1, 1
371	90, 5, 3, 1, 1
371	90, 5, 3, 1, 1
372	90, 5, 3, 1, 1
372	90, 5, 3, 1, 1
373	95, 3, 1, 0, 1
373	90, 5, 3, 1, 1
374	90, 5, 3, 1, 1
374	90, 5, 3, 1, 1
375	90, 5, 3, 1, 1
375	95, 3, 1, 0, 1
376	95, 3, 1, 0, 1
376	90, 5, 3, 1, 1
377	90, 5, 3, 1, 1
377	90, 5, 3, 1, 1
378	90, 5, 3, 1, 1
378	100, 0, 0, 0, 0
379	95, 3, 1, 0, 1
379	90, 5, 3, 1, 1
380	90, 5, 3, 1, 1
380	90, 5, 3, 1, 1
381	90, 5, 3, 1, 1
381	95, 3, 1, 0, 1
382	95, 3, 1, 0, 1
382	90, 5, 3, 1, 1
383	90, 5, 3, 1, 1
383	90, 5, 3, 1, 1
384	90, 5, 3, 1, 1
384	90, 5, 3, 1, 1
385	90, 5, 3, 1, 1
385	95, 3, 1, 0, 1
386	90, 5, 3, 1, 1
386	90, 5, 3, 1, 1
387	90, 5, 3, 1, 1
387	95, 3, 1, 0, 1
388	95, 5, 0, 0, 0
388	90, 5, 3, 1, 1
389	95, 3, 1, 0, 1
389	95, 3, 1, 0, 1
390	90, 5, 3, 1, 1
390	95, 3, 1, 0, 1
391	95, 3, 1, 0, 1
391	90, 5, 3, 1, 1
392	90, 5, 3, 1, 1
392	90, 5, 3, 1, 1
393	90, 5, 3, 1, 1
393	90, 5, 3, 1, 1
394	90, 5, 3, 1, 1
394	90, 5, 3, 1, 1
395	95, 3, 1, 0, 1
395	90, 5, 3, 1, 1
396	90, 5, 3, 1, 1
396	90, 5, 3, 1, 1
397	90, 5, 3, 1, 1
397	90, 5, 3, 1, 1
398	95, 3, 1, 0, 1
398	95, 3, 1, 0, 1
399	90, 5, 3, 1, 1
399	90, 5, 3, 1, 1
400	90, 5, 3, 1, 1
400	90, 5, 3, 1, 1
401	90, 5, 3, 1, 1
401	95, 3, 1, 0, 1
402	90, 5, 3, 1, 1
402	90, 5, 3, 1, 1
403	90, 5, 3, 1, 1
403	90, 5, 3, 1, 1
404	90, 5, 3, 1, 1
404	90, 5, 3, 1, 1
405	95, 3, 1, 0, 1
405	90, 5, 3, 1, 1
406	90, 5, 3, 1, 1
406	90, 5, 3, 1, 1
407	90, 5, 3, 1, 1
407	90, 5, 3, 1, 1
408	90, 5, 3, 1, 1
408	90, 5, 3, 1, 1
409	90, 5, 3, 1, 1
409	90, 5, 3, 1, 1
410	90, 5, 3, 1, 1
410	90, 5, 3, 1, 1
411	90, 5, 3, 1, 1
411	90, 5, 3, 1, 1
412	90, 5, 3, 1, 1
412	90, 5, 3, 1, 1
413	90, 5, 3, 1, 1
413	90, 5, 3, 1, 1
414	90, 5, 3, 1, 1
414	90, 5, 3, 1, 1
415	90, 5, 3, 1, 1
415	90, 5, 3, 1, 1
416	90, 5, 3, 1, 1
416	90, 5, 3, 1, 1
417	95, 3, 1, 0, 1
417	100, 0, 0, 0, 0
418	100, 0, 0, 0, 0
418	95, 3, 1, 0, 1

The summary covers the main topic of James Milner retiring from international football and includes key points such as his caps for England, his appearances at World Cups and European Championships, and his record as the most capped England Under-21 player. The summary presents the information in a clear and logical order. There is a very high likelihood that this summary will receive a score of 5.
419	95, 3, 1, 0, 1
419	95, 3, 1, 0, 1
420	90, 5, 3, 1, 1
420	90, 5, 3, 1, 1
421	90, 5, 3, 1, 1
421	90, 5, 3, 1, 1
422	90, 5, 3, 1, 1
422	90, 5, 3, 1, 1
423	90, 5, 3, 1, 1
423	95, 3, 1, 0, 1
424	90, 5, 3, 1, 1
424	90, 5, 3, 1, 1
425	90, 5, 3, 1, 1
425	90, 5, 3, 1, 1
426	90, 5, 3, 1, 1
426	95, 3, 1, 0, 1
427	95, 3, 1, 0, 1
427	90, 5, 3, 1, 1
428	90, 5, 3, 1, 1
428	95, 3, 1, 0, 1
429	90, 5, 3, 1, 1
429	100, 0, 0, 0, 0
430	100, 0, 0, 0, 0
430	90, 5, 3, 1, 1
431	90, 5, 3, 1, 1
431	90, 5, 3, 1, 1
432	90, 5, 3, 1, 1
432	90, 5, 3, 1, 1
433	90, 5, 3, 1, 1
433	95, 3, 1, 0, 1
434	95, 3, 1, 0, 1
434	95, 3, 1, 0, 1
435	95, 3, 1, 0, 1
435	95, 3, 1, 0, 1
436	95, 3, 1, 0, 1
436	90, 5, 3, 1, 1
437	95, 3, 1, 0, 1
437	100, 0, 0, 0, 0

The summary covers the main topic and key points of the news article accurately and in a clear and logical order. It provides a concise overview of the research project involving beekeepers and the analysis of bee noises at Cardiff University.
438	10, 5, 2, 1, 1
438	90, 5, 3, 1, 1
439	90, 5, 3, 1, 1
439	90, 5, 3, 1, 1
440	90, 5, 3, 1, 1
440	90, 5, 3, 1, 1
441	90, 5, 3, 1, 1
441	90, 5, 3, 1, 1
442	90, 5, 3, 1, 1
442	90, 5, 3, 1, 1
443	90, 5, 3, 1, 1
443	90, 5, 3, 1, 1
444	90, 5, 3, 1, 1
444	10, 5, 2, 1, 1
445	10, 5, 2, 1, 1
445	90, 5, 3, 1, 1
446	90, 5, 3, 1, 1
446	90, 5, 3, 1, 1
447	95, 3, 1, 0, 1
447	90, 5, 3, 1, 1
448	90, 5, 3, 1, 1
448	90, 5, 3, 1, 1
449	95, 3, 1, 0, 1
449	95, 3, 1, 0, 1
450	90, 5, 3, 1, 1
450	95, 3, 1, 0, 1
451	90, 5, 3, 1, 1
451	70, 20, 5, 3, 2
452	90, 5, 3, 1, 1
452	90, 5, 3, 1, 1
453	90, 5, 3, 1, 1
453	95, 3, 1, 0, 1
454	95, 3, 1, 0, 1
454	90, 5, 3, 1, 1
455	95, 3, 1, 0, 1

The summary covers the main topic and key points of the news article, mentioning Jon Schueler's background, his inspiration from the Sound of Sleat and Skye, and the upcoming arts symposium and exhibition. It presents the information in a clear and logical order. The only minor issue is that it could have included a bit more detail about the symposium and exhibition.
455	95, 3, 1, 0, 1

The summary covers the main topic and key points of the news article, mentioning Jon Schueler, his studio in Mallaig, and his inspiration from the Sound of Sleat and Skye. However, it lacks the information about the arts symposium, the events marking the centenary of his birth, and the celebration at SMO. Overall, the summary is clear and logical but misses some important details.
456	90, 5, 3, 1, 1
456	90, 5, 3, 1, 1
457	90, 5, 3, 1, 1
457	90, 5, 3, 1, 1
458	90, 5, 3, 1, 1
458	90, 5, 3, 1, 1
459	90, 5, 3, 1, 1
459	95, 3, 1, 0, 1
460	95, 3, 1, 0, 1
460	90, 5, 3, 1, 1
461	90, 5, 3, 1, 1
461	90, 5, 3, 1, 1
462	90, 5, 3, 1, 1
462	95, 3, 1, 0, 1
463	95, 3, 1, 0, 1
463	90, 5, 3, 1, 1
464	90, 5, 3, 1, 1
464	100, 0, 0, 0, 0
465	90, 5, 3, 1, 1
465	95, 3, 1, 0, 1
466	95, 3, 1, 0, 1
466	90, 5, 3, 1, 1
467	90, 5, 3, 1, 1
467	90, 5, 3, 1, 1
468	90, 5, 3, 1, 1
468	95, 3, 1, 0, 1
469	90, 5, 3, 1, 1
469	90, 5, 3, 1, 1
470	90, 5, 3, 1, 1
470	90, 5, 3, 1, 1
471	95, 3, 1, 0, 1
471	95, 3, 1, 0, 1
472	95, 3, 1, 0, 1
472	90, 5, 3, 1, 1
473	90, 5, 3, 1, 1
473	90, 5, 3, 1, 1

The summary covers the main topic of Manchester United's participation in the Milk Cup and competing in the Premier Section. However, it lacks key points such as McNair's involvement in the competition, the club's previous successes, and the participation of other teams like Zacatepec and Club America. Overall, the summary is clear but misses important details from the article.
474	90, 5, 3, 1, 1
474	90, 5, 3, 1, 1
475	90, 5, 3, 1, 1
475	90, 5, 3, 1, 1
476	90, 5, 3, 1, 1
476	90, 5, 3, 1, 1
477	90, 5, 3, 1, 1
477	90, 5, 3, 1, 1
478	90, 5, 3, 1, 1
478	90, 5, 3, 1, 1
479	95, 3, 1, 0, 1
479	90, 5, 3, 1, 1
480	70, 20, 5, 3, 2
480	90, 5, 3, 1, 1
481	90, 5, 3, 1, 1
481	90, 5, 3, 1, 1
482	90, 5, 3, 1, 1
482	90, 5, 3, 1, 1
483	90, 5, 3, 1, 1
483	95, 3, 1, 0, 1
484	95, 3, 1, 0, 1
484	70, 20, 5, 3, 2
485	90, 5, 3, 1, 1
485	90, 5, 3, 1, 1
486	90, 5, 3, 1, 1
486	95, 3, 1, 0, 1
487	95, 3, 1, 0, 1
487	90, 5, 3, 1, 1
488	90, 5, 3, 1, 1
488	90, 5, 3, 1, 1
489	90, 5, 3, 1, 1
489	90, 5, 3, 1, 1
490	90, 5, 3, 1, 1
490	90, 5, 3, 1, 1
491	90, 5, 3, 1, 1
491	90, 5, 3, 1, 1
492	90, 5, 3, 1, 1
492	95, 3, 1, 0, 1
493	95, 3, 1, 1, 0
493	10, 80, 5, 3, 2
494	90, 5, 3, 1, 1
494	90, 5, 3, 1, 1
495	90, 5, 3, 1, 1
495	95, 3, 1, 0, 1
496	95, 3, 1, 0, 1
496	90, 5, 3, 1, 1
497	95, 3, 1, 0, 1
497	95, 3, 1, 0, 1
498	90, 5, 3, 1, 1
498	90, 5, 3, 1, 1
499	90, 5, 3, 1, 1
499	90, 5, 3, 1, 1
500	90, 5, 3, 1, 1
500	90, 5, 3, 1, 1
501	90, 5, 3, 1, 1
501	95, 3, 1, 0, 1
502	95, 3, 1, 0, 1
502	90, 5, 3, 1, 1
503	90, 5, 3, 1, 1
503	90, 5, 3, 1, 1
504	90, 5, 3, 1, 1
504	95, 3, 1, 0, 1
505	95, 3, 1, 0, 1
505	70, 20, 5, 3, 2
506	90, 5, 3, 1, 1
506	90, 5, 3, 1, 1
507	90, 5, 3, 1, 1
507	90, 5, 3, 1, 1
508	90, 5, 3, 1, 1
508	90, 5, 3, 1, 1
509	90, 5, 3, 1, 1
509	90, 5, 3, 1, 1
510	90, 5, 3, 1, 1
510	95, 3, 1, 0, 1
511	95, 3, 1, 0, 1
511	90, 5, 3, 1, 1
512	90, 5, 3, 1, 1
512	90, 5, 3, 1, 1
513	90, 5, 3, 1, 1
513	95, 3, 1, 1, 0
515	90, 5, 3, 1, 1
515	90, 5, 3, 1, 1
516	95, 3, 1, 0, 1
516	90, 5, 3, 1, 1
517	90, 5, 3, 1, 1
517	90, 5, 3, 1, 1
518	90, 5, 3, 1, 1
518	90, 5, 3, 1, 1
519	90, 5, 3, 1, 1
519	90, 5, 3, 1, 1
520	90, 5, 3, 1, 1
520	95, 3, 1, 0, 1
521	95, 3, 1, 0, 1
521	90, 5, 3, 1, 1
522	90, 5, 3, 1, 1
522	90, 5, 3, 1, 1
523	95, 3, 1, 0, 1
523	90, 5, 3, 1, 1
524	90, 5, 3, 1, 1
524	90, 5, 3, 1, 1
525	95, 3, 1, 0, 1
525	95, 3, 1, 0, 1
526	90, 5, 3, 1, 1
526	100, 0, 0, 0, 0
527	100, 0, 0, 0, 0
527	95, 3, 1, 0, 1
528	95, 3, 1, 0, 1
528	95, 3, 1, 0, 1
529	90, 5, 3, 1, 1
529	90, 5, 3, 1, 1
530	90, 5, 3, 1, 1
530	90, 5, 3, 1, 1
531	90, 5, 3, 1, 1
531	90, 5, 3, 1, 1
532	90, 5, 3, 1, 1
532	90, 5, 3, 1, 1
533	90, 5, 3, 1, 1
533	90, 5, 3, 1, 1
534	90, 5, 3, 1, 1
534	90, 5, 3, 1, 1
535	90, 5, 3, 1, 1
535	90, 5, 3, 1, 1
536	90, 5, 3, 1, 1
536	90, 5, 3, 1, 1
537	90, 5, 3, 1, 1
537	90, 5, 3, 1, 1
538	90, 5, 3, 1, 1
538	90, 5, 3, 1, 1
539	90, 5, 3, 1, 1
539	90, 5, 3, 1, 1
540	95, 3, 1, 0, 1
540	95, 3, 1, 0, 1
541	90, 5, 3, 1, 1
541	90, 5, 3, 1, 1
542	90, 5, 3, 1, 1
542	90, 5, 3, 1, 1
543	90, 5, 3, 1, 1
543	90, 5, 3, 1, 1
544	90, 5, 3, 1, 1
544	90, 5, 3, 1, 1
545	90, 5, 3, 1, 1
545	90, 5, 3, 1, 1
546	95, 3, 1, 0, 1
546	95, 3, 1, 0, 1
547	90, 5, 3, 1, 1
547	95, 3, 1, 0, 1
548	95, 3, 1, 0, 1
548	90, 5, 3, 1, 1
549	95, 3, 1, 0, 1
549	95, 3, 1, 0, 1
550	90, 5, 3, 1, 1
550	95, 3, 1, 0, 1
551	95, 3, 1, 0, 1
551	90, 5, 3, 1, 1
552	95, 3, 1, 0, 1
552	95, 3, 1, 0, 1
553	90, 5, 3, 1, 1
553	95, 3, 1, 0, 1
554	95, 3, 1, 0, 1
554	90, 5, 3, 1, 1
555	90, 5, 3, 1, 1
555	90, 5, 3, 1, 1
556	90, 5, 3, 1, 1
556	90, 5, 3, 1, 1
557	90, 5, 3, 1, 1
557	90, 5, 3, 1, 1

The summary covers the main topic of the article, which is about two cycling events in Plymouth. It mentions the Gran Fondo and the Sky Ride, as well as the participation of Jonathan Tiernan-Locke. However, it lacks specific details such as the distance options for the Gran Fondo and the Sky Ride. The summary presents the information in a clear and logical order, making it likely to receive a high score.
558	95, 3, 1, 1, 0
558	95, 3, 1, 1, 0

The summary covers the main topic and key points of the news article, presenting them in a clear and logical order. It accurately mentions the Gran Fondo event, the different course options for riders, and the participation of Jonathan Tiernan-Locke. However, it does not include the information about the Sky Ride event for families, which is a key point in the article. Therefore, the summary is highly likely to receive a score of 5, with a small chance of receiving a lower score due to the missing information about the Sky Ride event.
559	90, 5, 3, 1, 1

The summary covers the main topic of the news article, which is the killing of Katari Anuradha, the mayor of Chittoor town. However, it fails to mention key points such as the involvement of at least three men wearing burkas, the critical condition of her husband, the attempted stop by staff, the motives being explored by police, and the increased security measures being taken. The summary is not presented in a clear and logical order, as it jumps straight to the conclusion without providing any context or details from the article. Overall, the summary is unlikely to receive a high score as it lacks important information and organization.
559	90, 5, 3, 1, 1
560	90, 5, 3, 1, 1
560	90, 5, 3, 1, 1
561	100, 0, 0, 0, 0
561	100, 0, 0, 0, 0
562	90, 5, 3, 1, 1
562	90, 5, 3, 1, 1
563	90, 5, 3, 1, 1
563	90, 5, 3, 1, 1
564	90, 5, 3, 1, 1
564	90, 5, 3, 1, 1
565	90, 5, 3, 1, 1
565	95, 3, 1, 0, 1
566	95, 3, 1, 0, 1
566	90, 5, 3, 1, 1
567	95, 3, 1, 1, 0
567	95, 3, 1, 0, 1
568	90, 5, 3, 1, 1
568	90, 5, 3, 1, 1
569	95, 3, 1, 1, 0
569	90, 5, 3, 1, 1
570	90, 5, 3, 1, 1
570	90, 5, 3, 1, 1
571	90, 5, 3, 1, 1
571	90, 5, 3, 1, 1
572	90, 5, 3, 1, 1
572	10, 80, 5, 3, 2
573	95, 3, 1, 0, 1
573	90, 5, 3, 1, 1
574	90, 5, 3, 1, 1
574	95, 3, 1, 0, 1
575	95, 3, 1, 0, 1
575	95, 3, 1, 0, 1
576	95, 3, 1, 0, 1
576	95, 3, 1, 0, 1
577	90, 5, 3, 1, 1
577	90, 5, 3, 1, 1
578	90, 5, 3, 1, 1
578	90, 5, 3, 1, 1
579	90, 5, 3, 1, 1
579	90, 5, 3, 1, 1
580	90, 5, 3, 1, 1
580	95, 3, 1, 0, 1
581	95, 3, 1, 0, 1
581	90, 5, 3, 1, 1
582	95, 3, 1, 0, 1
582	95, 3, 1, 0, 1
583	90, 5, 3, 1, 1
583	90, 5, 3, 1, 1
584	90, 5, 3, 1, 1
584	90, 5, 3, 1, 1
585	90, 5, 3, 1, 1
585	90, 5, 3, 1, 1
586	90, 5, 3, 1, 1
586	90, 5, 3, 1, 1
587	95, 3, 1, 0, 1
587	90, 5, 3, 1, 1
588	95, 3, 1, 0, 1
588	95, 3, 1, 0, 1
589	90, 5, 3, 1, 1
589	90, 5, 3, 1, 1
590	90, 5, 3, 1, 1
590	90, 5, 3, 1, 1
591	90, 5, 3, 1, 1
591	90, 5, 3, 1, 1
592	90, 5, 3, 1, 1
592	90, 5, 3, 1, 1
593	85, 10, 3, 1, 1
593	90, 5, 3, 1, 1
594	90, 5, 3, 1, 1
594	90, 5, 3, 1, 1
595	90, 5, 3, 1, 1
595	95, 3, 1, 0, 1
596	100, 0, 0, 0, 0
596	70, 20, 5, 3, 2
597	90, 5, 3, 1, 1
597	90, 5, 3, 1, 1
598	90, 5, 3, 1, 1
598	90, 5, 3, 1, 1
599	90, 5, 3, 1, 1
599	95, 3, 1, 0, 1
600	90, 5, 3, 1, 1
600	90, 5, 3, 1, 1
601	90, 5, 3, 1, 1
601	100, 0, 0, 0, 0
602	95, 3, 1, 0, 1
602	95, 3, 1, 0, 1
603	90, 5, 3, 1, 1
603	90, 5, 3, 1, 1
604	90, 5, 3, 1, 1
604	90, 5, 3, 1, 1
605	90, 5, 3, 1, 1
605	90, 5, 3, 1, 1
606	90, 5, 3, 1, 1
606	90, 5, 3, 1, 1
607	90, 5, 3, 1, 1
607	90, 5, 3, 1, 1
608	90, 5, 3, 1, 1
608	95, 3, 1, 0, 1
609	90, 5, 3, 1, 1
609	95, 3, 1, 0, 1
610	90, 5, 3, 1, 1
610	90, 5, 3, 1, 1
611	90, 5, 3, 1, 1
611	90, 5, 3, 1, 1
612	100, 0, 0, 0, 0
612	100, 0, 0, 0, 0
613	90, 5, 3, 1, 1
613	90, 5, 3, 1, 1
614	90, 5, 3, 1, 1
614	90, 5, 3, 1, 1
615	90, 5, 3, 1, 1
615	90, 5, 3, 1, 1
616	90, 5, 3, 1, 1
616	90, 5, 3, 1, 1
617	90, 5, 3, 1, 1
617	90, 5, 3, 1, 1
618	90, 5, 3, 1, 1
618	90, 5, 3, 1, 1
619	90, 5, 3, 1, 1
619	90, 5, 3, 1, 1
620	90, 5, 3, 1, 1
620	90, 5, 3, 1, 1
621	90, 5, 3, 1, 1
621	90, 5, 3, 1, 1
622	90, 5, 3, 1, 1
622	90, 5, 3, 1, 1
623	90, 5, 3, 1, 1
623	90, 5, 3, 1, 1
624	90, 5, 3, 1, 1
624	90, 5, 3, 1, 1
625	70, 20, 5, 3, 2
625	90, 5, 3, 1, 1
626	90, 5, 3, 1, 1
626	90, 5, 3, 1, 1
627	90, 5, 3, 1, 1
627	90, 5, 3, 1, 1
628	90, 5, 3, 1, 1
628	90, 5, 3, 1, 1
629	90, 5, 3, 1, 1
629	90, 5, 3, 1, 1
630	95, 3, 1, 0, 1
630	95, 3, 1, 0, 1
631	70, 20, 5, 3, 2
631	95, 3, 1, 0, 1
632	95, 3, 1, 0, 1
632	90, 5, 3, 1, 1
633	95, 3, 1, 0, 1
633	95, 3, 1, 0, 1
634	90, 5, 3, 1, 1
634	90, 5, 3, 1, 1
635	90, 5, 3, 1, 1
635	90, 5, 3, 1, 1
636	90, 5, 3, 1, 1
636	90, 5, 3, 1, 1
637	90, 5, 3, 1, 1
637	90, 5, 3, 1, 1
638	90, 5, 3, 1, 1
638	90, 5, 3, 1, 1
639	95, 3, 1, 0, 1
639	95, 3, 1, 0, 1
640	90, 5, 3, 1, 1
640	90, 5, 3, 1, 1
641	90, 5, 3, 1, 1
641	90, 5, 3, 1, 1
642	90, 5, 3, 1, 1
642	90, 5, 3, 1, 1
643	90, 5, 3, 1, 1
643	90, 5, 3, 1, 1
644	95, 3, 1, 0, 1
644	90, 5, 3, 1, 1
645	95, 3, 1, 0, 1
645	95, 3, 1, 0, 1
646	90, 5, 3, 1, 1
646	95, 3, 1, 0, 1
647	95, 3, 1, 0, 1
647	90, 5, 3, 1, 1
648	90, 5, 3, 1, 1
648	90, 5, 3, 1, 1
649	90, 5, 3, 1, 1
649	95, 3, 1, 0, 1
650	95, 3, 1, 0, 1
