51
55
68
70
79
84
94
102
103
111
128
133
165
166
173
180
187
201
216
251
270
286
301
307
360
363
365
368
374
382
390
395
396
409
412
415
419
443
455
491
514
526
586
593
596
600
611
617
621
644
653
670
702
714
721
749
754
810
829
845
853
857
867
870
871
891
904
925
953
967
980
993
999
1028
1038
1039
1058
1060
1072
1097
1135
1137
1161
1168
1170
1176
1178
1201
1210
1235
1255
1273
1291
1297
1312
1320
1322
1323
1329
1330
1351
1368
1376
1386
1396
1406
1410
1417
1425
1440
1442
1479
1491
1497
1507
1541
1595
1619
1667
1668
1741
1746
1757
1775
1777
1786
1788
1807
1808
1816
1833
1856
1865
1889
1895
1897
1911
1935
1939
1940
1942
1951
1983
2002
2006
2046
2050
2073
2075
2097
2105
2133
2154
2179
2186
2191
2197
2220
2222
2278
2280
2308
2332
2337
2339
2353
2357
2364
2409
2416
2426
2430
2432
2453
2462
2475
2479
2494
2510
2542
2546
2549
2559
2586
2591
2603
2619
2622
2630
2637
2676
2681
2694
2695
2698
2699
2701
2707
2738
2755
2780
2829
2843
2888
2936
2957
2959
2964
2982
2990
2995
2998
3002
3004
3021
3042
3070
3077
3086
3093
3100
3102
3107
3116
3141
3145
3149
3161
3169
3175
3182
3228
3246
3260
3271
3295
3298
3302
3308
3332
3338
3363
3370
3395
3396
3401
3414
3446
3453
3470
3524
3545
3546
3585
3618
3633
3638
3649
3656
3667
3688
3691
3725
3732
3738
3754
3767
3768
3773
3797
3807
3822
3831
3832
3836
3837
3862
3864
3876
3878
3881
3883
3892
3899
3919
3935
3940
3967
3968
3972
3981
3982
4008
4010
4014
4020
4060
4065
4070
4084
4100
4109
4119
4144
4168
4177
4192
4203
4212