51	10, 70, 15, 3, 2
51	10, 80, 5, 3, 2
55	10, 5, 2, 1, 1
55	70, 20, 5, 3, 2
68	70, 20, 5, 3, 2
68	70, 20, 5, 3, 2
70	70, 20, 5, 3, 2
70	70, 20, 5, 3, 2
79	10, 5, 80, 3, 2
79	70, 20, 5, 3, 2
84	10, 5, 2, 1, 1
84	10, 5, 2, 1, 1
94	10, 5, 2, 1, 1
94	10, 5, 5, 3, 2
102	70, 20, 5, 3, 2
102	10, 5, 5, 80, 0
103	70, 20, 5, 3, 2
103	70, 20, 5, 3, 2
111	70, 20, 5, 3, 2
111	10, 5, 80, 3, 2
128	10, 5, 80, 3, 2
128	70, 20, 5, 3, 2
133	10, 80, 5, 3, 2
133	70, 20, 5, 3, 2
165	70, 20, 5, 3, 2
165	70, 20, 5, 3, 2
166	10, 5, 2, 1, 1
166	70, 20, 5, 3, 2
173	90, 5, 3, 1, 1
173	90, 5, 3, 1, 1
180	90, 5, 3, 1, 1
180	70, 20, 5, 3, 2
187	70, 20, 5, 3, 2
187	70, 20, 5, 3, 2
201	10, 5, 80, 3, 2
201	50, 30, 15, 3, 2
216	70, 20, 5, 3, 2
216	70, 20, 5, 3, 2
251	70, 20, 5, 3, 2
251	10, 5, 2, 1, 1
270	70, 20, 5, 3, 2
270	10, 70, 15, 3, 2
286	10, 5, 80, 3, 2
286	10, 5, 5, 80, 0
301	70, 20, 5, 3, 2
301	90, 5, 3, 1, 1
307	70, 20, 5, 3, 2
307	70, 20, 5, 3, 2
360	70, 20, 5, 3, 2
360	10, 80, 5, 3, 2
363	10, 70, 15, 3, 2
363	90, 5, 3, 1, 1
365	10, 5, 80, 3, 2
365	90, 5, 3, 1, 1
368	70, 20, 5, 3, 2
368	10, 5, 2, 1, 1
374	90, 5, 3, 1, 1
374	10, 5, 2, 1, 1
382	70, 20, 5, 3, 2
382	70, 20, 5, 3, 2
390	70, 20, 5, 3, 2
390	70, 20, 5, 3, 2
395	70, 20, 5, 3, 2
395	90, 5, 3, 1, 1
396	20, 30, 40, 5, 5
396	10, 5, 80, 3, 2
409	90, 5, 3, 1, 1
409	70, 20, 5, 3, 2
412	70, 20, 5, 3, 2
412	10, 5, 80, 3, 2
415	10, 70, 15, 3, 2
415	90, 5, 3, 1, 1
419	90, 5, 3, 1, 1
419	20, 30, 40, 5, 5
443	20, 10, 5, 3, 2
443	20, 80, 0, 0, 0
455	90, 5, 3, 1, 1
455	70, 20, 5, 3, 2
491	10, 80, 5, 3, 2
491	90, 5, 3, 1, 1
514	90, 5, 3, 1, 1
514	70, 20, 5, 3, 2
526	70, 20, 5, 3, 2
526	70, 20, 5, 3, 2
586	70, 20, 5, 3, 2
586	70, 20, 5, 3, 2
593	70, 20, 5, 3, 2
593	70, 20, 5, 3, 2
596	70, 20, 5, 3, 2
596	90, 5, 3, 1, 1
600	10, 5, 80, 3, 2
600	90, 5, 3, 1, 1
611	90, 5, 3, 1, 1
611	70, 20, 5, 3, 2
617	10, 5, 5, 80, 0
617	70, 20, 5, 3, 2
621	10, 5, 80, 3, 2
621	10, 5, 5, 80, 0
644	70, 20, 5, 3, 2
644	70, 15, 10, 3, 2
653	90, 5, 3, 1, 1
653	10, 5, 5, 80, 0
670	70, 20, 5, 3, 2
670	70, 20, 5, 3, 2
702	90, 5, 3, 1, 1
702	70, 20, 5, 3, 2
714	70, 20, 5, 3, 2
714	70, 20, 5, 3, 2
721	10, 90, 0, 0, 0
721	70, 20, 5, 3, 2
749	70, 20, 5, 3, 2
749	70, 20, 5, 3, 2
754	90, 5, 3, 1, 1
754	10, 5, 80, 3, 2
810	70, 20, 5, 3, 2
810	20, 10, 5, 3, 2
829	70, 20, 5, 3, 2
829	90, 5, 3, 1, 1
845	10, 5, 2, 1, 1
845	90, 5, 3, 1, 1
853	10, 5, 5, 80, 0
853	70, 20, 5, 3, 2
857	10, 5, 5, 3, 2
857	70, 20, 5, 3, 2
867	70, 20, 5, 3, 2
867	70, 20, 5, 3, 2
870	70, 20, 5, 3, 2
870	10, 5, 80, 3, 2
871	70, 20, 5, 3, 2
871	10, 5, 80, 3, 2
891	70, 20, 5, 3, 2
891	90, 5, 3, 1, 1
904	70, 20, 5, 3, 2
904	70, 20, 5, 3, 2
925	90, 5, 3, 1, 1
925	70, 20, 5, 3, 2
953	90, 5, 3, 1, 1
953	10, 80, 5, 3, 2
967	50, 30, 15, 3, 2
967	70, 20, 5, 3, 2
980	20, 10, 5, 3, 2
980	70, 20, 5, 3, 2
993	10, 5, 5, 80, 0
993	0, 0, 0, 0, 100
999	70, 20, 5, 3, 2
999	70, 20, 5, 3, 2
1028	90, 5, 3, 1, 1
1028	90, 5, 3, 1, 1
1038	10, 5, 80, 3, 2
1038	10, 5, 5, 80, 0
1039	10, 70, 15, 3, 2
1039	70, 20, 5, 3, 2
1058	10, 5, 5, 80, 0
1058	70, 20, 5, 3, 2
1060	90, 5, 3, 1, 1
1060	70, 20, 5, 3, 2
1072	10, 5, 80, 3, 2
1072	10, 5, 5, 80, 0
1097	10, 70, 15, 3, 2
1097	20, 30, 40, 5, 5
1135	70, 20, 5, 3, 2
1135	10, 80, 5, 3, 2
1137	90, 5, 3, 1, 1
1137	70, 20, 5, 3, 2
1161	90, 5, 3, 1, 1
1161	90, 5, 3, 1, 1
1168	70, 20, 5, 3, 2
1168	70, 20, 5, 3, 2
1170	10, 5, 80, 3, 2
1170	0, 0, 0, 0, 100
1176	70, 20, 5, 3, 2
1176	70, 20, 5, 3, 2
1178	90, 5, 3, 1, 1
1178	70, 20, 5, 3, 2
1201	20, 10, 5, 3, 2
1201	70, 20, 5, 3, 2
1210	10, 5, 80, 3, 2
1210	70, 20, 5, 3, 2
1235	70, 20, 5, 3, 2
1235	10, 70, 15, 3, 2
1255	90, 5, 3, 1, 1
1255	90, 5, 3, 1, 1
1273	90, 5, 3, 1, 1
1273	10, 5, 80, 3, 2
1291	70, 20, 5, 3, 2
1291	10, 5, 5, 80, 0
1297	70, 20, 5, 3, 2
1297	70, 20, 5, 3, 2
1312	90, 5, 3, 1, 1
1312	10, 80, 5, 3, 2
1320	90, 5, 3, 1, 1
1320	70, 20, 5, 3, 2
1322	10, 80, 5, 3, 2
1322	10, 20, 50, 15, 5
1323	90, 5, 3, 1, 1
1323	70, 20, 5, 3, 2
1329	70, 20, 5, 3, 2
1329	70, 20, 5, 3, 2
1330	90, 5, 3, 1, 1
1330	20, 50, 20, 5, 5
1351	70, 20, 5, 3, 2
1351	10, 5, 5, 80, 0
1368	10, 90, 0, 0, 0
1368	10, 5, 5, 80, 0
1376	70, 20, 5, 3, 2
1376	90, 5, 3, 1, 1
1386	10, 5, 2, 1, 1
1386	70, 20, 5, 3, 2
1396	90, 5, 3, 1, 1
1396	70, 20, 5, 3, 2
1406	10, 5, 5, 80, 0
1406	70, 20, 5, 3, 2
1410	90, 5, 3, 1, 1
1410	10, 5, 5, 80, 0
1417	90, 5, 3, 1, 1
1417	70, 20, 5, 3, 2
1425	10, 5, 5, 80, 0
1425	70, 20, 5, 3, 2
1440	10, 90, 0, 0, 0
1440	90, 5, 3, 1, 1
1442	70, 20, 5, 3, 2
1442	20, 70, 5, 3, 2
1479	70, 20, 5, 3, 2
1479	70, 20, 5, 3, 2
1491	70, 20, 5, 3, 2
1491	70, 20, 5, 3, 2
1497	10, 70, 15, 3, 2
1497	10, 5, 5, 80, 0
1507	70, 20, 5, 3, 2
1507	70, 20, 5, 3, 2
1541	10, 5, 2, 1, 1
1541	90, 5, 3, 1, 1
1595	70, 20, 5, 3, 2
1595	10, 5, 80, 3, 2
1619	10, 20, 50, 15, 5
1619	10, 5, 80, 3, 2
1667	10, 20, 30, 20, 20
1667	70, 20, 5, 3, 2
1668	70, 15, 10, 3, 2
1668	70, 20, 5, 3, 2
1741	70, 20, 5, 3, 2
1741	10, 5, 80, 3, 2
1746	10, 5, 5, 80, 0
1746	70, 20, 5, 3, 2
1757	10, 5, 5, 80, 0
1757	70, 20, 5, 3, 2
1775	70, 20, 5, 3, 2
1775	70, 20, 5, 3, 2
1777	10, 5, 80, 3, 2
1777	10, 5, 5, 80, 0
1786	10, 5, 5, 80, 0
1786	90, 5, 3, 1, 1
1788	20, 30, 40, 5, 5
1788	70, 20, 5, 3, 2
1807	70, 15, 10, 3, 2
1807	10, 5, 80, 3, 2
1808	90, 5, 3, 1, 1
1808	70, 20, 5, 3, 2
1816	90, 5, 3, 1, 1
1816	80, 15, 3, 1, 1
1833	90, 5, 3, 1, 1
1833	90, 5, 3, 1, 1
1856	10, 5, 5, 80, 0
1856	70, 20, 5, 3, 2
1865	10, 5, 2, 1, 1
1865	10, 5, 2, 1, 1
1889	10, 5, 2, 1, 1
1889	70, 20, 5, 3, 2
1895	70, 20, 5, 3, 2
1895	70, 20, 5, 3, 2
1897	70, 20, 5, 3, 2
1897	70, 20, 5, 3, 2
1911	10, 5, 80, 3, 2
1911	70, 20, 5, 3, 2
1935	70, 20, 5, 3, 2
1935	10, 5, 80, 3, 2
1939	10, 5, 5, 80, 0
1939	20, 30, 40, 5, 5
1940	90, 5, 3, 1, 1
1940	70, 20, 5, 3, 2
1942	10, 5, 5, 80, 0
1942	70, 20, 5, 3, 2
1951	20, 5, 2, 1, 1
1951	70, 20, 5, 3, 2
1983	90, 5, 3, 1, 1
1983	70, 20, 5, 3, 2
2002	10, 5, 2, 1, 1
2002	10, 5, 3, 1, 1
2006	10, 5, 2, 1, 1
2006	10, 5, 3, 1, 1
2046	90, 5, 3, 1, 1
2046	90, 5, 3, 1, 1
2050	10, 80, 5, 3, 2
2050	10, 5, 5, 80, 0
2073	70, 20, 5, 3, 2
2073	70, 20, 5, 3, 2
2075	10, 80, 5, 3, 2
2075	90, 5, 3, 1, 1
2097	70, 20, 5, 3, 2
2097	10, 5, 2, 1, 1
2105	90, 5, 3, 1, 1
2105	70, 20, 5, 3, 2
2133	70, 20, 5, 3, 2
2133	10, 80, 5, 3, 2
2154	10, 70, 15, 3, 2
2154	10, 5, 5, 80, 0
2179	70, 20, 5, 3, 2
2179	90, 5, 3, 1, 1
2186	70, 20, 5, 3, 2
2186	70, 20, 5, 3, 2
2191	10, 20, 30, 20, 20
2191	70, 20, 5, 3, 2
2197	90, 5, 3, 1, 1
2197	10, 5, 80, 3, 2
2220	10, 5, 2, 1, 1
2220	10, 5, 2, 1, 1
2222	70, 20, 5, 3, 2
2222	10, 5, 5, 3, 2
2278	10, 5, 5, 3, 2
2278	70, 20, 5, 3, 2
2280	20, 30, 40, 5, 5
2280	70, 20, 5, 3, 2
2308	10, 80, 5, 3, 2
2308	70, 20, 5, 3, 2
2332	70, 20, 5, 3, 2
2332	10, 80, 5, 3, 2
2337	70, 20, 5, 3, 2
2337	70, 20, 5, 3, 2
2339	10, 5, 80, 3, 2
2339	20, 70, 5, 3, 2
2353	0, 0, 0, 0, 100
2353	50, 30, 10, 5, 5
2357	70, 20, 5, 3, 2
2357	70, 20, 5, 3, 2
2364	10, 5, 5, 3, 2
2364	10, 70, 15, 3, 2
2409	10, 70, 15, 3, 2
2409	20, 30, 30, 10, 10
2416	10, 5, 2, 1, 1
2416	90, 5, 3, 1, 1
2426	70, 20, 5, 3, 2
2426	70, 20, 5, 3, 2
2430	10, 5, 5, 80, 0
2430	70, 20, 5, 3, 2
2432	70, 20, 5, 3, 2
2432	20, 50, 20, 5, 5
2453	10, 80, 5, 3, 2
2453	10, 5, 3, 1, 1
2462	70, 20, 5, 3, 2
2462	10, 70, 15, 3, 2
2475	70, 20, 5, 3, 2
2475	70, 20, 5, 3, 2
2479	70, 20, 5, 3, 2
2479	20, 30, 40, 5, 5
2494	70, 20, 5, 3, 2
2494	70, 20, 5, 3, 2
2510	70, 20, 5, 3, 2
2510	90, 5, 3, 1, 1
2542	20, 30, 30, 15, 5
2542	70, 20, 5, 3, 2
2546	20, 80, 0, 0, 0
2546	70, 20, 5, 3, 2
2549	70, 20, 5, 3, 2
2549	70, 20, 5, 3, 2
2559	70, 20, 5, 3, 2
2559	90, 5, 3, 1, 1
2586	90, 5, 3, 1, 1
2586	90, 5, 3, 1, 1
2591	70, 20, 5, 3, 2
2591	90, 5, 3, 1, 1
2603	10, 5, 5, 80, 0
2603	90, 5, 3, 1, 1
2619	90, 5, 3, 1, 1
2619	90, 5, 3, 1, 1
2622	90, 5, 3, 1, 1
2622	70, 20, 5, 3, 2
2630	70, 20, 5, 3, 2
2630	70, 20, 5, 3, 2
2637	70, 20, 5, 3, 2
2637	70, 20, 5, 3, 2
2676	70, 20, 5, 3, 2
2676	70, 20, 5, 3, 2
2681	90, 5, 3, 1, 1
2681	70, 20, 5, 3, 2
2694	90, 5, 3, 1, 1
2694	10, 5, 3, 1, 1
2695	70, 20, 5, 3, 2
2695	10, 5, 80, 3, 2
2698	70, 20, 5, 3, 2
2698	70, 20, 5, 3, 2
2699	70, 20, 5, 3, 2
2699	90, 5, 3, 1, 1
2701	70, 20, 5, 3, 2
2701	20, 10, 5, 3, 2
2707	70, 20, 5, 3, 2
2707	70, 20, 5, 3, 2
2738	10, 20, 30, 20, 20
2738	10, 5, 2, 1, 1
2755	70, 20, 5, 3, 2
2755	50, 30, 10, 5, 5
2780	10, 70, 15, 3, 2
2780	70, 20, 5, 3, 2
2829	70, 20, 5, 3, 2
2829	70, 20, 5, 3, 2
2843	70, 20, 5, 3, 2
2843	70, 20, 5, 3, 2
2888	70, 20, 5, 3, 2
2888	20, 10, 5, 3, 2
2936	10, 5, 80, 3, 2
2936	70, 20, 5, 3, 2
2957	70, 20, 5, 3, 2
2957	70, 20, 5, 3, 2
2959	10, 5, 5, 80, 0
2959	10, 5, 80, 3, 2
2964	70, 20, 5, 3, 2
2964	90, 5, 3, 1, 1
2982	90, 5, 3, 1, 1
2982	90, 5, 3, 1, 1
2990	90, 5, 3, 1, 1
2990	70, 20, 5, 3, 2
2995	90, 5, 3, 1, 1
2995	70, 20, 5, 3, 2
2998	10, 5, 5, 80, 0
2998	70, 20, 5, 3, 2
3002	10, 5, 3, 1, 1
3002	10, 5, 3, 1, 1
3004	70, 20, 5, 3, 2
3004	70, 20, 5, 3, 2
3021	70, 20, 5, 3, 2
3021	70, 20, 5, 3, 2
3042	90, 5, 3, 1, 1
3042	70, 20, 5, 3, 2
3070	70, 20, 5, 3, 2
3070	70, 20, 5, 3, 2
3077	10, 80, 5, 3, 2
3077	70, 20, 5, 3, 2
3086	10, 5, 2, 1, 1
3086	10, 5, 2, 1, 1
3093	90, 5, 3, 1, 1
3093	90, 5, 3, 1, 1
3100	70, 20, 5, 3, 2
3100	70, 20, 5, 3, 2
3102	10, 5, 80, 3, 2
3102	90, 5, 3, 1, 1
3107	10, 20, 30, 20, 20
3107	10, 5, 80, 3, 2
3116	70, 20, 5, 3, 2
3116	70, 20, 5, 3, 2
3141	10, 80, 5, 3, 2
3141	10, 5, 2, 1, 1
3145	70, 20, 5, 3, 2
3145	70, 20, 5, 3, 2
3149	10, 5, 5, 80, 0
3149	90, 5, 3, 1, 1
3161	10, 90, 0, 0, 0
3161	10, 5, 80, 3, 2
3169	70, 20, 5, 3, 2
3169	70, 20, 5, 3, 2
3175	90, 5, 3, 1, 1
3175	70, 20, 5, 3, 2
3182	90, 5, 3, 1, 1
3182	100, 0, 0, 0, 0
3228	70, 20, 5, 3, 2
3228	70, 20, 5, 3, 2
3246	70, 20, 5, 3, 2
3246	10, 5, 2, 1, 1
3260	90, 5, 3, 1, 1
3260	90, 5, 3, 1, 1
3271	70, 20, 5, 3, 2
3271	70, 20, 5, 3, 2
3295	20, 80, 0, 0, 0
3295	70, 20, 5, 3, 2
3298	90, 5, 3, 1, 1
3298	70, 20, 5, 3, 2
3302	70, 20, 5, 3, 2
3302	70, 20, 5, 3, 2
3308	90, 5, 3, 1, 1
3308	10, 5, 5, 3, 2
3332	10, 80, 5, 3, 2
3332	70, 20, 5, 3, 2
3338	90, 5, 3, 1, 1
3338	10, 5, 80, 3, 2
3363	70, 20, 5, 3, 2
3363	90, 5, 3, 1, 1
3370	70, 20, 5, 3, 2
3370	70, 20, 5, 3, 2
3395	70, 20, 5, 3, 2
3395	10, 5, 5, 80, 0
3396	10, 5, 2, 1, 1
3396	10, 5, 5, 80, 0
3401	20, 5, 2, 1, 1
3401	70, 20, 5, 3, 2
3414	10, 70, 15, 3, 2
3414	90, 5, 3, 1, 1
3446	70, 20, 5, 3, 2
3446	90, 5, 3, 1, 1
3453	70, 20, 5, 3, 2
3453	20, 10, 5, 3, 2
3470	70, 20, 5, 3, 2
3470	70, 20, 5, 3, 2
3524	70, 20, 5, 3, 2
3524	90, 5, 3, 1, 1
3545	70, 20, 5, 3, 2
3545	10, 5, 5, 5, 75
3546	10, 5, 80, 3, 2
3546	90, 5, 3, 1, 1
3585	70, 20, 5, 3, 2
3585	90, 5, 3, 1, 1
3618	10, 90, 0, 0, 0
3618	50, 30, 10, 5, 5
3633	10, 5, 5, 80, 0
3633	10, 5, 5, 80, 0
3638	70, 20, 5, 3, 2
3638	10, 20, 30, 20, 20
3649	0, 0, 0, 0, 100
3649	70, 20, 5, 3, 2
3656	70, 20, 5, 3, 2
3656	10, 5, 80, 3, 2
3667	70, 20, 5, 3, 2
3667	70, 20, 5, 3, 2
3688	90, 5, 3, 1, 1
3688	90, 5, 3, 1, 1
3691	70, 20, 5, 3, 2
3691	70, 20, 5, 3, 2
3725	90, 5, 3, 1, 1
3725	90, 5, 3, 1, 1
3732	70, 20, 5, 3, 2
3732	70, 20, 5, 3, 2
3738	70, 20, 5, 3, 2
3738	10, 90, 0, 0, 0
3754	10, 5, 2, 1, 1
3754	10, 80, 5, 3, 2
3767	10, 5, 5, 80, 0
3767	70, 20, 5, 3, 2
3768	70, 20, 5, 3, 2
3768	90, 5, 3, 1, 1
3773	70, 20, 5, 3, 2
3773	70, 20, 5, 3, 2
3797	70, 20, 5, 3, 2
3797	10, 80, 5, 3, 2
3807	70, 20, 5, 3, 2
3807	70, 20, 5, 3, 2
3822	10, 5, 3, 1, 1
3822	70, 20, 5, 3, 2
3831	70, 20, 5, 3, 2
3831	70, 20, 5, 3, 2
3832	70, 20, 5, 3, 2
3832	70, 20, 5, 3, 2
3836	70, 20, 5, 3, 2
3836	10, 5, 5, 80, 0
3837	10, 5, 2, 1, 1
3837	10, 5, 2, 1, 1
3862	20, 30, 40, 5, 5
3862	10, 5, 80, 3, 2
3864	90, 5, 3, 1, 1
3864	70, 20, 5, 3, 2
3876	70, 20, 5, 3, 2
3876	10, 90, 0, 0, 0
3878	70, 20, 5, 3, 2
3878	70, 20, 5, 3, 2
3881	70, 20, 5, 3, 2
3881	70, 20, 5, 3, 2
3883	10, 5, 2, 1, 1
3883	70, 20, 5, 3, 2
3892	10, 80, 5, 3, 2
3892	100, 0, 0, 0, 0
3899	70, 20, 5, 3, 2
3899	70, 20, 5, 3, 2
3919	70, 20, 5, 3, 2
3919	10, 5, 80, 3, 2
3935	10, 90, 0, 0, 0
3935	70, 20, 5, 3, 2
3940	10, 70, 10, 5, 5
3940	20, 60, 15, 3, 2
3967	20, 10, 5, 3, 2
3967	90, 5, 3, 1, 1
3968	70, 20, 5, 3, 2
3968	20, 70, 5, 3, 2
3972	80, 10, 5, 3, 2
3972	10, 5, 5, 3, 2
3981	70, 20, 5, 3, 2
3981	70, 20, 5, 3, 2
3982	10, 5, 80, 3, 2
3982	10, 70, 15, 3, 2
4008	70, 20, 5, 3, 2
4008	70, 20, 5, 3, 2
4010	70, 20, 5, 3, 2
4010	70, 20, 5, 3, 2
4014	70, 20, 5, 3, 2
4014	70, 20, 5, 3, 2
4020	70, 20, 5, 3, 2
4020	10, 5, 80, 3, 2
4060	10, 5, 5, 80, 0
4060	70, 20, 5, 3, 2
4065	70, 20, 5, 3, 2
4065	90, 5, 3, 1, 1
4070	70, 20, 5, 3, 2
4070	70, 20, 5, 3, 2
4084	10, 5, 80, 3, 2
4084	10, 70, 15, 3, 2
4100	10, 5, 80, 3, 2
4100	70, 20, 5, 3, 2
4109	10, 5, 3, 1, 1
4109	70, 20, 5, 3, 2
4119	90, 5, 3, 1, 1
4119	70, 20, 5, 3, 2
4144	70, 20, 5, 3, 2
4144	90, 5, 3, 1, 1
4168	10, 70, 15, 3, 2
4168	70, 20, 5, 3, 2
4177	10, 5, 2, 1, 1
4177	10, 5, 5, 80, 0
4192	70, 20, 5, 3, 2
4192	70, 20, 5, 3, 2
4203	70, 20, 5, 3, 2
4203	90, 5, 3, 1, 1
4212	20, 5, 0, 0, 0
4212	70, 20, 5, 3, 2
0	90, 5, 3, 1, 1
0	90, 5, 3, 1, 1
1	90, 5, 3, 1, 1
1	10, 90, 0, 0, 0
2	10, 5, 80, 3, 2
2	10, 5, 80, 3, 2
3	10, 5, 2, 1, 1
3	90, 5, 3, 1, 1
4	90, 5, 3, 1, 1
4	90, 5, 3, 1, 1
5	10, 5, 2, 1, 1
5	10, 5, 2, 1, 1
6	90, 5, 3, 1, 1
6	10, 5, 2, 1, 1
7	10, 5, 2, 1, 1
7	90, 5, 3, 1, 1
8	70, 20, 5, 3, 2
8	90, 5, 3, 1, 1
9	90, 5, 3, 1, 1
9	20, 10, 5, 3, 2
10	10, 80, 5, 3, 2
10	90, 5, 3, 1, 1
11	10, 5, 80, 3, 2
11	20, 30, 40, 5, 5
13	70, 20, 5, 3, 2
13	70, 20, 5, 3, 2
14	70, 20, 5, 3, 2
14	90, 5, 3, 1, 1
15	10, 80, 5, 3, 2
15	20, 10, 5, 3, 2
16	90, 5, 3, 1, 1
16	90, 5, 3, 1, 1
17	90, 5, 3, 1, 1
17	10, 70, 15, 3, 2
18	90, 5, 3, 1, 1
18	70, 20, 5, 3, 2
19	10, 70, 15, 3, 2
19	10, 5, 5, 5, 5
20	10, 5, 80, 3, 2
20	90, 5, 3, 1, 1
21	70, 20, 5, 3, 2
21	70, 20, 5, 3, 2
22	90, 5, 3, 1, 1
22	95, 3, 1, 0, 1
23	95, 3, 1, 0, 1
23	95, 3, 1, 0, 1
24	10, 5, 80, 3, 2
24	10, 5, 80, 3, 2
25	90, 5, 3, 1, 1
25	90, 5, 3, 1, 1
26	90, 5, 3, 1, 1
26	90, 5, 3, 1, 1
27	90, 5, 3, 1, 1
27	90, 5, 3, 1, 1
28	70, 20, 5, 3, 2
28	70, 20, 5, 3, 2
29	90, 5, 3, 1, 1
29	90, 5, 3, 1, 1
30	90, 5, 3, 1, 1
30	90, 5, 3, 1, 1
31	70, 20, 5, 3, 2
31	90, 5, 3, 1, 1
32	90, 5, 3, 1, 1
32	70, 20, 5, 3, 2
33	10, 90, 0, 0, 0
33	10, 90, 0, 0, 0
34	70, 20, 5, 3, 2
34	10, 5, 80, 3, 2
35	10, 5, 80, 3, 2
35	90, 5, 3, 1, 1
36	90, 5, 3, 1, 1
36	90, 5, 3, 1, 1
37	70, 20, 5, 3, 2
37	90, 5, 3, 1, 1
38	90, 5, 3, 1, 1
38	90, 5, 3, 1, 1
39	90, 5, 3, 1, 1
39	90, 5, 3, 1, 1
40	90, 5, 3, 1, 1
40	90, 5, 3, 1, 1
41	90, 5, 3, 1, 1
41	10, 80, 5, 3, 2
42	10, 5, 80, 3, 2
42	10, 5, 80, 3, 2
43	90, 5, 3, 1, 1
43	90, 5, 3, 1, 1
44	90, 5, 3, 1, 1
44	90, 5, 3, 1, 1
45	70, 20, 5, 3, 2
45	70, 20, 5, 3, 2
46	90, 5, 3, 1, 1
46	10, 70, 15, 3, 2
47	10, 70, 15, 3, 2
47	90, 5, 3, 1, 1
48	90, 5, 3, 1, 1
48	70, 20, 5, 3, 2
49	90, 5, 3, 1, 1
49	70, 20, 5, 3, 2
50	70, 20, 5, 3, 2
50	70, 20, 5, 3, 2
51	70, 20, 5, 3, 2
51	10, 5, 80, 3, 2
52	90, 5, 3, 1, 1
52	90, 5, 3, 1, 1
53	90, 5, 3, 1, 1
53	90, 5, 3, 1, 1
54	90, 5, 3, 1, 1
54	90, 5, 3, 1, 1
55	10, 5, 80, 3, 2
55	90, 5, 3, 1, 1
56	90, 5, 3, 1, 1
56	10, 70, 15, 3, 2
57	10, 5, 80, 3, 2
57	10, 5, 80, 3, 2
58	10, 90, 0, 0, 0
58	10, 5, 80, 3, 2
59	10, 5, 80, 3, 2
59	10, 5, 80, 3, 2
61	95, 3, 1, 0, 1
61	90, 5, 3, 1, 1
62	90, 5, 3, 1, 1
62	90, 5, 3, 1, 1
63	90, 5, 3, 1, 1
63	10, 5, 80, 3, 2
64	70, 20, 5, 3, 2
64	70, 20, 5, 3, 2
65	10, 80, 5, 3, 2
65	10, 80, 5, 3, 2
66	10, 80, 5, 3, 2
66	90, 5, 3, 1, 1
67	90, 5, 3, 1, 1
67	90, 5, 3, 1, 1
68	90, 5, 3, 1, 1
68	10, 5, 80, 3, 2
69	90, 5, 3, 1, 1
69	95, 3, 1, 0, 1
70	70, 20, 5, 3, 2
70	90, 5, 3, 1, 1
71	10, 90, 0, 0, 0
71	70, 20, 5, 3, 2
72	70, 20, 5, 3, 2
72	10, 5, 2, 1, 1
73	90, 5, 3, 1, 1
73	90, 5, 3, 1, 1
74	10, 70, 15, 3, 2
74	90, 5, 3, 1, 1
75	90, 5, 3, 1, 1
75	10, 90, 0, 0, 0
77	10, 5, 80, 3, 2
77	10, 5, 80, 3, 2
78	90, 5, 3, 1, 1
78	90, 5, 3, 1, 1
79	90, 5, 3, 1, 1
79	95, 3, 1, 0, 1
80	90, 5, 3, 1, 1
80	90, 5, 3, 1, 1
81	90, 5, 3, 1, 1
81	10, 20, 50, 15, 5
82	10, 20, 50, 15, 5
82	90, 5, 3, 1, 1
83	70, 20, 5, 3, 2
83	20, 30, 40, 5, 5
84	90, 5, 3, 1, 1
84	90, 5, 3, 1, 1
85	90, 5, 3, 1, 1
85	90, 5, 3, 1, 1
86	90, 5, 3, 1, 1
86	90, 5, 3, 1, 1
87	90, 5, 3, 1, 1
87	10, 5, 80, 3, 2
88	10, 5, 80, 3, 2
88	90, 5, 3, 1, 1
89	90, 5, 3, 1, 1
89	70, 20, 5, 3, 2
90	10, 80, 5, 3, 2
90	70, 20, 5, 3, 2
91	70, 20, 5, 3, 2
91	90, 5, 3, 1, 1
92	70, 20, 5, 3, 2
92	90, 5, 3, 1, 1
93	90, 5, 3, 1, 1
93	70, 20, 5, 3, 2
94	70, 20, 5, 3, 2
94	90, 5, 3, 1, 1
95	90, 5, 3, 1, 1
95	90, 5, 3, 1, 1
96	90, 5, 3, 1, 1
96	20, 10, 5, 3, 2
97	20, 10, 5, 3, 2
97	90, 5, 3, 1, 1
98	10, 5, 80, 3, 2
98	10, 5, 80, 3, 2
99	95, 3, 1, 0, 1
99	90, 5, 3, 1, 1
100	90, 5, 3, 1, 1
100	90, 5, 3, 1, 1
101	10, 70, 15, 3, 2
101	10, 70, 15, 3, 2
102	90, 5, 3, 1, 1
102	90, 5, 3, 1, 1
103	90, 5, 3, 1, 1
103	70, 15, 10, 3, 2
105	70, 20, 5, 3, 2
105	90, 5, 3, 1, 1
106	10, 5, 80, 3, 2
106	90, 5, 3, 1, 1
107	90, 5, 3, 1, 1
107	10, 5, 2, 1, 1
108	70, 20, 5, 3, 2
108	70, 20, 5, 3, 2
109	90, 5, 3, 1, 1
109	90, 5, 3, 1, 1
110	70, 15, 10, 3, 2
110	90, 5, 3, 1, 1
111	10, 70, 15, 3, 2
111	10, 20, 50, 15, 5
112	5, 0, 0, 0, 0
112	90, 5, 3, 1, 1
113	90, 5, 3, 1, 1
113	90, 5, 3, 1, 1
114	70, 20, 5, 3, 2
114	70, 20, 5, 3, 2
115	90, 5, 3, 1, 1
115	90, 5, 3, 1, 1
116	90, 5, 3, 1, 1
116	90, 5, 3, 1, 1
119	90, 5, 3, 1, 1
119	90, 5, 3, 1, 1
120	70, 20, 5, 3, 2
120	90, 5, 3, 1, 1
121	90, 5, 3, 1, 1
121	90, 5, 3, 1, 1
122	90, 5, 3, 1, 1
122	10, 80, 5, 3, 2
123	90, 5, 3, 1, 1
123	10, 5, 5, 80, 0
124	20, 10, 5, 3, 2
124	10, 80, 5, 3, 2
125	10, 80, 5, 3, 2
125	10, 80, 5, 3, 2
126	10, 5, 80, 3, 2
126	10, 5, 80, 3, 2
127	10, 5, 80, 3, 2
127	10, 5, 80, 3, 2
128	70, 20, 5, 3, 2
128	70, 20, 5, 3, 2
129	70, 20, 5, 3, 2
129	90, 5, 3, 1, 1
130	90, 5, 3, 1, 1
130	90, 5, 3, 1, 1
132	10, 5, 5, 80, 0
132	10, 5, 5, 80, 0
133	10, 70, 15, 3, 2
133	10, 70, 15, 3, 2
134	10, 70, 15, 3, 2
134	90, 5, 3, 1, 1
135	70, 20, 5, 3, 2
135	70, 20, 5, 3, 2
136	90, 5, 3, 1, 1
136	70, 20, 5, 3, 2
137	70, 20, 5, 3, 2
137	10, 5, 80, 3, 2
138	10, 5, 80, 3, 2
138	10, 5, 80, 3, 2
139	90, 5, 3, 1, 1
139	90, 5, 3, 1, 1
140	70, 20, 5, 3, 2
140	90, 5, 3, 1, 1
141	90, 5, 3, 1, 1
141	90, 5, 3, 1, 1
142	10, 5, 80, 3, 2
142	70, 20, 5, 3, 2
143	70, 20, 5, 3, 2
143	10, 70, 15, 3, 2
144	10, 80, 5, 3, 2
144	10, 80, 5, 3, 2
145	90, 5, 3, 1, 1
145	90, 5, 3, 1, 1
146	90, 5, 3, 1, 1
146	90, 5, 3, 1, 1
147	70, 20, 5, 3, 2
147	70, 20, 5, 3, 2
148	90, 5, 3, 1, 1
148	90, 5, 3, 1, 1
149	90, 5, 3, 1, 1
149	70, 20, 5, 3, 2
151	90, 5, 3, 1, 1
151	90, 5, 3, 1, 1
153	90, 5, 3, 1, 1
153	95, 3, 1, 0, 1
154	95, 3, 1, 0, 1
154	90, 5, 3, 1, 1
155	90, 5, 3, 1, 1
155	90, 5, 3, 1, 1
156	90, 5, 3, 1, 1
156	90, 5, 3, 1, 1
157	90, 5, 3, 1, 1
157	10, 80, 5, 3, 2
158	90, 5, 3, 1, 1
158	10, 80, 5, 3, 2
159	90, 5, 3, 1, 1
159	70, 20, 5, 3, 2
160	70, 20, 5, 3, 2
160	90, 5, 3, 1, 1
161	90, 5, 3, 1, 1
161	90, 5, 3, 1, 1
162	90, 5, 3, 1, 1
162	70, 20, 5, 3, 2
163	70, 20, 5, 3, 2
163	90, 5, 3, 1, 1
165	90, 5, 3, 1, 1
165	70, 20, 5, 3, 2
166	90, 5, 3, 1, 1
166	90, 5, 3, 1, 1
168	90, 5, 3, 1, 1
168	10, 5, 80, 3, 2
169	10, 80, 5, 3, 2
169	10, 80, 5, 3, 2
170	90, 5, 3, 1, 1
170	10, 5, 2, 1, 1
172	10, 5, 80, 3, 2
172	90, 5, 3, 1, 1
173	70, 20, 5, 3, 2
173	70, 20, 5, 3, 2
174	10, 80, 5, 3, 2
174	95, 3, 1, 0, 1
175	90, 5, 3, 1, 1
175	90, 5, 3, 1, 1
176	70, 20, 5, 3, 2
176	70, 20, 5, 3, 2
177	70, 20, 5, 3, 2
177	90, 5, 3, 1, 1
178	90, 5, 3, 1, 1
178	90, 5, 3, 1, 1
179	70, 20, 5, 3, 2
179	90, 5, 3, 1, 1
180	90, 5, 3, 1, 1
180	90, 5, 3, 1, 1
181	90, 5, 3, 1, 1
181	90, 5, 3, 1, 1
182	90, 5, 3, 1, 1
182	90, 5, 3, 1, 1
183	90, 5, 3, 1, 1
183	10, 5, 2, 1, 1
184	10, 20, 50, 15, 5
184	90, 5, 3, 1, 1
185	90, 5, 3, 1, 1
185	90, 5, 3, 1, 1
186	90, 5, 3, 1, 1
186	70, 20, 5, 3, 2
187	70, 20, 5, 3, 2
187	10, 70, 15, 3, 2
188	20, 5, 2, 1, 1
188	20, 5, 2, 1, 1
189	90, 5, 3, 1, 1
189	90, 5, 3, 1, 1
190	90, 5, 3, 1, 1
190	90, 5, 3, 1, 1
191	90, 5, 3, 1, 1
191	70, 20, 5, 3, 2
192	90, 5, 3, 1, 1
192	90, 5, 3, 1, 1
193	90, 5, 3, 1, 1
193	90, 5, 3, 1, 1
194	90, 5, 3, 1, 1
194	90, 5, 3, 1, 1
195	70, 20, 5, 3, 2
195	70, 20, 5, 3, 2
196	10, 80, 5, 3, 2
196	90, 5, 3, 1, 1
197	90, 5, 3, 1, 1
197	90, 5, 3, 1, 1
198	95, 3, 1, 0, 1
198	10, 5, 80, 3, 2
199	10, 5, 80, 3, 2
199	90, 5, 3, 1, 1
200	90, 5, 3, 1, 1
200	90, 5, 3, 1, 1
201	10, 80, 5, 3, 2
201	10, 5, 80, 3, 2
202	10, 5, 80, 3, 2
202	90, 5, 3, 1, 1
203	10, 70, 15, 3, 2
203	10, 80, 5, 3, 2
204	90, 5, 3, 1, 1
204	10, 80, 5, 3, 2
205	10, 80, 5, 3, 2
205	90, 5, 3, 1, 1
206	90, 5, 3, 1, 1
206	90, 5, 3, 1, 1
207	10, 5, 80, 3, 2
207	90, 5, 3, 1, 1
208	90, 5, 3, 1, 1
208	90, 5, 3, 1, 1
209	90, 5, 3, 1, 1
209	90, 5, 3, 1, 1
210	90, 5, 3, 1, 1
210	90, 5, 3, 1, 1
211	90, 5, 3, 1, 1
211	10, 80, 5, 3, 2
212	70, 20, 5, 3, 2
212	90, 5, 3, 1, 1
213	90, 5, 3, 1, 1
213	70, 20, 5, 3, 2
214	70, 20, 5, 3, 2
214	10, 5, 80, 3, 2
215	90, 5, 3, 1, 1
215	90, 5, 3, 1, 1
216	90, 5, 3, 1, 1
216	90, 5, 3, 1, 1
217	90, 5, 3, 1, 1
217	90, 5, 3, 1, 1
218	70, 20, 5, 3, 2
218	70, 20, 5, 3, 2
219	10, 70, 15, 3, 2
219	90, 5, 3, 1, 1
220	90, 5, 3, 1, 1
220	90, 5, 3, 1, 1
221	90, 5, 3, 1, 1
221	90, 5, 3, 1, 1
222	90, 5, 3, 1, 1
222	10, 5, 80, 3, 2
223	10, 5, 80, 3, 2
223	70, 20, 5, 3, 2
224	90, 5, 3, 1, 1
224	90, 5, 3, 1, 1
225	90, 5, 3, 1, 1
225	10, 5, 3, 1, 1
226	10, 5, 3, 1, 1
226	10, 70, 15, 3, 2
227	20, 10, 5, 3, 2
227	20, 10, 5, 3, 2
228	90, 5, 3, 1, 1
228	90, 5, 3, 1, 1
229	70, 20, 5, 3, 2
229	10, 5, 80, 3, 2
230	70, 20, 5, 3, 2
230	70, 20, 5, 3, 2
231	10, 5, 2, 1, 1
231	10, 80, 5, 3, 2
232	10, 90, 0, 0, 0
232	90, 5, 3, 1, 1
233	90, 5, 3, 1, 1
233	90, 5, 3, 1, 1
234	90, 5, 3, 1, 1
234	70, 20, 5, 3, 2
235	70, 20, 5, 3, 2
235	90, 5, 3, 1, 1
236	70, 20, 5, 3, 2
236	70, 20, 5, 3, 2
237	10, 5, 80, 3, 2
237	90, 5, 3, 1, 1
238	90, 5, 3, 1, 1
238	90, 5, 3, 1, 1
239	10, 5, 2, 1, 1
239	10, 5, 2, 1, 1
240	70, 20, 5, 3, 2
240	10, 5, 80, 3, 2
241	70, 20, 5, 3, 2
241	90, 5, 3, 1, 1
242	90, 5, 3, 1, 1
242	90, 5, 3, 1, 1
243	90, 5, 3, 1, 1
243	90, 5, 3, 1, 1
