23
55
68
70
79
84
94
103
105
111
128
133
144
165
166
173
180
187
201
216
240
251
252
270
272
286
301
307
327
360
363
365
368
374
382
390
395
396
409
412
415
419
430
436
443
455
488
491
514
523
526
586
596
611
617
621
644
653
657
670
692
702
714
749
754
823
825
829
845
853
857
860
867
870
871
885
891
896
904
925
953
967
975
993
999
1028
1038
1039
1045
1058
1060
1072
1097
1108
1110
1111
1118
1135
1137
1161
1168
1170
1176
1178
1201
1210
1226
1235
1255
1273
1291
1297
1312
1315
1320
1322
1323
1329
1330
1344
1346
1351
1368
1373
1374
1386
1396
1406
1410
1417
1420
1425
1440
1442
1460
1465
1475
1479
1491
1497
1507
1523
1540
1541
1564
1582
1595
1619
1624
1667
1668
1707
1741
1746
1757
1777
1786
1788
1799
1802
1807
1808
1816
1818
1833
1834
1838
1856
1865
1889
1895
1897
1911
1917
1939
1940
1942
1944
1951
1953
1983
2002
2006
2033
2038
2046
2068
2073
2075
2097
2105
2154
2179
2182
2186
2191
2197
2220
2222
2278
2280
2308
2315
2332
2335
2337
2339
2353
2357
2369
2409
2426
2428
2430
2432
2465
2475
2479
2494
2510
2542
2546
2549
2551
2559
2586
2591
2615
2619
2622
2630
2637
2676
2681
2694
2695
2698
2699
2707
2738
2780
2786
2807
2829
2855
2880
2885
2888
2936
2957
2959
2964
2982
2990
2995
2998
3002
3021
3037
3042
3051
3070
3077
3086
3093
3100
3102
3107
3116
3136
3141
3145
3149
3152
3160
3161
3170
3175
3182
3228
3246
3260
3271
3295
3298
3302
3308
3324
3332
3338
3361
3363
3370
3395
3396
3401
3414
3453
3470
3521
3524
3545
3546
3563
3585
3630
3648
3649
3656
3667
3688
3691
3725
3732
3738
3754
3767
3768
3773
3797
3807
3822
3831
3832
3836
3837
3862
3864
3876
3878
3881
3883
3891
3892
3895
3899
3919
3935
3940
3947
3967
3968
3972
3981
3982
4008
4010
4013
4014
4020
4060
4065
4070
4084
4109
4119
4144
4168
4177
4192
4198
4203
4212