90, 5, 3, 1, 1
10, 5, 2, 1, 1
90, 5, 3, 1, 1
10, 5, 2, 1, 1
70, 20, 5, 3, 2
10, 5, 2, 1, 1
70, 20, 5, 3, 2
0, 0, 0, 0, 100
70, 20, 5, 3, 2
10, 80, 5, 3, 2
70, 20, 5, 3, 2
10, 5, 2, 1, 1
10, 20, 30, 20, 20
10, 5, 2, 1, 1
70, 20, 5, 3, 2
20, 10, 5, 3, 2
70, 20, 5, 3, 2
10, 5, 80, 3, 2
10, 5, 80, 3, 2
10, 5, 2, 1, 1
70, 20, 5, 3, 2
0, 0, 0, 0, 100
10, 20, 30, 20, 20
10, 70, 15, 3, 2
10, 80, 5, 3, 2
10, 5, 2, 1, 1
70, 20, 5, 3, 2
10, 5, 2, 1, 1
90, 5, 3, 1, 1
10, 5, 2, 1, 1
70, 20, 5, 3, 2
0, 0, 0, 0, 100
70, 20, 5, 3, 2
10, 5, 80, 3, 2
70, 20, 5, 3, 2
10, 5, 5, 80, 0
70, 20, 5, 3, 2
10, 5, 2, 1, 1
90, 5, 3, 1, 1
10, 5, 80, 3, 2
90, 5, 3, 1, 1
0, 0, 0, 0, 100
70, 20, 5, 3, 2
10, 5, 3, 1, 1
70, 20, 5, 3, 2
0, 0, 0, 0, 100
90, 5, 3, 1, 1
20, 10, 5, 3, 2
70, 20, 5, 3, 2
10, 5, 2, 1, 1
90, 5, 3, 1, 1
20, 5, 2, 1, 1
70, 20, 5, 3, 2
10, 5, 80, 3, 2
70, 20, 5, 3, 2
10, 5, 2, 1, 1
90, 5, 3, 1, 1
10, 5, 80, 3, 2
70, 20, 5, 3, 2
10, 5, 2, 1, 1
70, 20, 5, 3, 2
0, 0, 0, 0, 100
90, 5, 3, 1, 1
10, 5, 80, 3, 2
20, 5, 2, 1, 1
10, 5, 80, 3, 2
70, 20, 5, 3, 2
10, 5, 2, 1, 1
70, 20, 5, 3, 2
10, 5, 5, 3, 2
90, 5, 3, 1, 1
20, 5, 2, 1, 1
90, 5, 3, 1, 1
10, 5, 2, 1, 1
70, 20, 5, 3, 2
10, 5, 2, 1, 1
90, 5, 3, 1, 1
10, 5, 2, 1, 1
90, 5, 3, 1, 1
0, 0, 0, 0, 100
90, 5, 3, 1, 1
0, 0, 0, 0, 100
10, 5, 5, 80, 0
10, 5, 80, 3, 2
70, 20, 5, 3, 2
0, 0, 0, 0, 100
70, 20, 5, 3, 2
10, 5, 80, 3, 2
70, 20, 5, 3, 2
10, 5, 2, 1, 1
70, 20, 5, 3, 2
10, 5, 5, 80, 0
90, 5, 3, 1, 1
10, 5, 5, 80, 0
70, 20, 5, 3, 2
10, 5, 3, 1, 1
70, 20, 5, 3, 2
10, 5, 2, 1, 1
90, 5, 3, 1, 1
0, 0, 0, 0, 100
70, 20, 5, 3, 2
10, 5, 3, 1, 1
90, 5, 3, 1, 1
10, 5, 2, 1, 1
10, 5, 80, 3, 2
10, 5, 80, 3, 2
70, 20, 5, 3, 2
10, 5, 2, 1, 1
70, 20, 5, 3, 2
10, 5, 2, 1, 1
70, 20, 5, 3, 2
0, 0, 0, 0, 100
70, 20, 5, 3, 2
0, 0, 0, 0, 100
70, 20, 5, 3, 2
0, 0, 0, 0, 100
90, 5, 3, 1, 1
10, 5, 2, 1, 1
70, 20, 5, 3, 2
20, 10, 5, 3, 2
90, 5, 3, 1, 1
10, 5, 80, 3, 2
10, 5, 80, 3, 2
0, 0, 0, 0, 100
70, 20, 5, 3, 2
10, 80, 5, 3, 2
90, 5, 3, 1, 1
10, 5, 80, 3, 2
70, 20, 5, 3, 2
10, 5, 80, 3, 2
70, 20, 5, 3, 2
10, 5, 5, 80, 0
90, 5, 3, 1, 1
10, 5, 2, 1, 1
90, 5, 3, 1, 1
10, 5, 2, 1, 1
10, 5, 80, 3, 2
10, 5, 5, 80, 0
70, 20, 5, 3, 2
10, 5, 3, 1, 1
90, 5, 3, 1, 1
0, 0, 0, 0, 100
70, 20, 5, 3, 2
0, 0, 0, 0, 100
70, 20, 5, 3, 2
20, 5, 2, 1, 1
90, 5, 3, 1, 1
10, 5, 80, 3, 2
90, 5, 3, 1, 1
0, 0, 0, 0, 100
90, 5, 3, 1, 1
0, 0, 0, 0, 100
90, 5, 3, 1, 1
0, 0, 0, 0, 100
70, 20, 5, 3, 2
10, 5, 80, 3, 2
90, 5, 3, 1, 1
0, 0, 0, 0, 100
70, 20, 5, 3, 2
10, 5, 80, 3, 2
70, 20, 5, 3, 2
10, 5, 5, 80, 0
90, 5, 3, 1, 1
10, 5, 80, 3, 2
70, 20, 5, 3, 2
10, 5, 2, 1, 1
90, 5, 3, 1, 1
10, 5, 2, 1, 1
10, 80, 5, 3, 2
10, 5, 80, 3, 2
90, 5, 3, 1, 1
10, 80, 5, 3, 2
90, 5, 3, 1, 1
10, 5, 2, 1, 1
90, 5, 3, 1, 1
0, 0, 0, 0, 100
10, 5, 80, 3, 2
0, 0, 0, 0, 100
70, 20, 5, 3, 2
20, 10, 5, 3, 2
10, 70, 10, 5, 5
10, 5, 2, 1, 1
70, 20, 5, 3, 2
10, 5, 5, 80, 0
90, 5, 3, 1, 1
10, 5, 80, 3, 2
70, 20, 5, 3, 2
10, 5, 80, 3, 2
70, 20, 5, 3, 2
10, 5, 2, 1, 1
90, 5, 3, 1, 1
10, 5, 5, 80, 0
90, 5, 3, 1, 1
10, 5, 2, 1, 1
70, 20, 5, 3, 2
20, 60, 10, 5, 5
70, 20, 5, 3, 2
10, 5, 2, 1, 1
70, 20, 5, 3, 2
10, 5, 2, 1, 1
90, 5, 3, 1, 1
10, 5, 2, 1, 1
70, 20, 5, 3, 2
0, 0, 0, 0, 100
90, 5, 3, 1, 1
0, 0, 0, 0, 100
90, 5, 3, 1, 1
10, 5, 2, 1, 1
70, 20, 5, 3, 2
0, 0, 0, 0, 100
70, 20, 5, 3, 2
10, 5, 2, 1, 1
70, 20, 5, 3, 2
10, 5, 80, 3, 2
70, 20, 5, 3, 2
10, 5, 80, 3, 2
70, 20, 5, 3, 2
10, 5, 2, 1, 1
90, 5, 3, 1, 1
0, 0, 0, 0, 100
70, 20, 5, 3, 2
10, 80, 5, 3, 2
70, 20, 5, 3, 2
10, 5, 2, 1, 1
90, 5, 3, 1, 1
10, 5, 5, 80, 0
70, 20, 5, 3, 2
10, 5, 2, 1, 1
70, 20, 5, 3, 2
10, 5, 80, 3, 2
90, 5, 3, 1, 1
20, 60, 10, 5, 5
90, 5, 3, 1, 1
10, 90, 0, 0, 0
70, 20, 5, 3, 2
10, 5, 2, 1, 1
10, 5, 80, 3, 2
10, 5, 80, 3, 2
90, 5, 3, 1, 1
10, 5, 2, 1, 1
20, 10, 5, 3, 2
70, 20, 5, 3, 2
70, 20, 5, 3, 2
20, 30, 40, 5, 5
90, 5, 3, 1, 1
10, 5, 2, 1, 1
90, 5, 3, 1, 1
10, 5, 2, 1, 1
70, 20, 5, 3, 2
0, 0, 0, 0, 100
70, 20, 5, 3, 2
10, 5, 2, 1, 1
70, 20, 5, 3, 2
10, 5, 80, 3, 2
90, 5, 3, 1, 1
10, 5, 2, 1, 1
70, 20, 5, 3, 2
10, 5, 80, 3, 2
90, 5, 3, 1, 1
10, 5, 2, 1, 1
90, 5, 3, 1, 1
0, 0, 0, 0, 100
70, 20, 5, 3, 2
20, 5, 2, 1, 1
90, 5, 3, 1, 1
0, 0, 0, 0, 100
90, 5, 3, 1, 1
0, 0, 0, 0, 100
70, 20, 5, 3, 2
20, 10, 5, 3, 2
90, 5, 3, 1, 1
20, 5, 2, 1, 1
90, 5, 3, 1, 1
0, 0, 0, 0, 100
90, 5, 3, 1, 1
10, 5, 2, 1, 1
90, 5, 3, 1, 1
10, 80, 5, 3, 2
70, 20, 5, 3, 2
10, 5, 2, 1, 1
70, 20, 5, 3, 2
0, 0, 0, 0, 100
70, 20, 5, 3, 2
0, 0, 0, 0, 100
70, 20, 5, 3, 2
10, 5, 2, 1, 1
10, 90, 0, 0, 0
0, 0, 0, 0, 100
90, 5, 3, 1, 1
0, 0, 0, 0, 100
90, 5, 3, 1, 1
10, 5, 2, 1, 1
90, 5, 3, 1, 1
10, 5, 80, 3, 2
70, 20, 5, 3, 2
10, 5, 3, 1, 1
70, 20, 5, 3, 2
10, 5, 3, 1, 1
90, 5, 3, 1, 1
0, 0, 0, 0, 100
70, 20, 5, 3, 2
10, 5, 2, 1, 1
70, 20, 5, 3, 2
20, 70, 5, 3, 2
70, 20, 5, 3, 2
10, 5, 2, 1, 1
70, 20, 5, 3, 2
10, 5, 2, 1, 1
90, 5, 3, 1, 1
10, 5, 5, 80, 0
70, 20, 5, 3, 2
10, 5, 2, 1, 1
90, 5, 3, 1, 1
10, 5, 2, 1, 1
10, 5, 80, 3, 2
10, 5, 2, 1, 1
70, 20, 5, 3, 2
10, 5, 2, 1, 1
70, 20, 5, 3, 2
10, 5, 80, 3, 2
10, 70, 15, 3, 2
0, 0, 0, 0, 100
70, 20, 5, 3, 2
10, 5, 2, 1, 1
90, 5, 3, 1, 1
10, 5, 80, 3, 2
70, 20, 5, 3, 2
10, 5, 2, 1, 1
90, 5, 3, 1, 1
10, 5, 2, 1, 1
90, 5, 3, 1, 1
10, 5, 2, 1, 1
70, 20, 5, 3, 2
0, 0, 0, 0, 100
90, 5, 3, 1, 1
10, 5, 2, 1, 1
90, 5, 3, 1, 1
10, 5, 5, 80, 0

The summary does not accurately reflect the main topic and key points of the news article. It completely misses the mark by focusing on a completely different scenario involving dropping keys into an elevator shaft, resulting in a low rating for accuracy.
90, 5, 3, 1, 1
10, 5, 2, 1, 1
70, 20, 5, 3, 2
0, 0, 0, 0, 100
70, 20, 5, 3, 2
10, 5, 2, 1, 1
70, 20, 5, 3, 2
0, 0, 0, 0, 100
90, 5, 3, 1, 1
10, 5, 5, 80, 0
70, 20, 5, 3, 2
10, 5, 80, 3, 2
90, 5, 3, 1, 1
10, 5, 2, 1, 1
90, 5, 3, 1, 1
10, 5, 5, 3, 2
10, 70, 15, 3, 2
10, 5, 2, 1, 1
70, 20, 5, 3, 2
0, 0, 0, 0, 100
10, 5, 2, 1, 1
0, 0, 0, 0, 100
90, 5, 3, 1, 1
10, 5, 2, 1, 1
90, 5, 3, 1, 1
0, 0, 0, 0, 100
90, 5, 3, 1, 1
0, 0, 0, 0, 100
90, 5, 3, 1, 1
10, 5, 2, 1, 1
90, 5, 3, 1, 1
10, 5, 80, 3, 2
90, 5, 3, 1, 1
10, 5, 80, 3, 2
90, 5, 3, 1, 1
10, 5, 3, 1, 1
70, 20, 5, 3, 2
0, 0, 0, 0, 100
90, 5, 3, 1, 1
10, 5, 2, 1, 1
90, 5, 3, 1, 1
0, 0, 0, 0, 100
10, 5, 80, 3, 2
10, 5, 80, 3, 2
90, 5, 3, 1, 1
10, 5, 2, 1, 1
70, 20, 5, 3, 2
10, 5, 2, 1, 1
90, 5, 3, 1, 1
10, 5, 2, 1, 1
90, 5, 3, 1, 1
10, 5, 2, 1, 1
70, 20, 5, 3, 2
10, 5, 2, 1, 1
90, 5, 3, 1, 1
0, 0, 0, 0, 100
70, 20, 5, 3, 2
20, 10, 5, 3, 2
90, 5, 3, 1, 1
10, 5, 80, 3, 2
10, 80, 5, 3, 2
10, 5, 80, 3, 2
90, 5, 3, 1, 1
10, 5, 80, 3, 2
90, 5, 3, 1, 1
0, 0, 0, 0, 100
90, 5, 3, 1, 1
0, 0, 0, 0, 100
10, 5, 80, 3, 2
20, 5, 2, 1, 1
70, 20, 5, 3, 2
10, 5, 80, 3, 2
70, 20, 5, 3, 2
10, 5, 80, 3, 2
70, 20, 5, 3, 2
0, 0, 0, 0, 100
0, 0, 0, 0, 100
0, 0, 0, 0, 100
70, 20, 5, 3, 2
10, 5, 3, 1, 1
70, 20, 5, 3, 2
20, 5, 2, 1, 1
70, 20, 5, 3, 2
10, 5, 2, 1, 1
70, 20, 5, 3, 2
0, 0, 0, 0, 100
70, 20, 5, 3, 2
10, 5, 3, 1, 1
90, 5, 3, 1, 1
10, 5, 5, 80, 0
90, 5, 3, 1, 1
10, 70, 15, 3, 2
90, 5, 3, 1, 1
10, 5, 2, 1, 1
90, 5, 3, 1, 1
10, 5, 2, 1, 1
10, 5, 2, 1, 1
0, 0, 0, 0, 100
90, 5, 3, 1, 1
10, 5, 2, 1, 1
70, 20, 5, 3, 2
10, 80, 5, 3, 2
90, 5, 3, 1, 1
10, 5, 80, 3, 2
70, 20, 5, 3, 2
10, 5, 2, 1, 1
90, 5, 3, 1, 1
10, 5, 5, 80, 0
70, 20, 5, 3, 2
0, 0, 0, 0, 100
70, 20, 5, 3, 2
10, 5, 80, 3, 2
10, 70, 15, 3, 2
0, 0, 0, 0, 100
70, 20, 5, 3, 2
10, 5, 80, 3, 2
90, 5, 3, 1, 1
10, 5, 2, 1, 1
70, 20, 5, 3, 2
10, 5, 2, 1, 1
70, 20, 5, 3, 2
20, 10, 5, 3, 2
70, 20, 5, 3, 2
10, 5, 2, 1, 1
70, 20, 5, 3, 2
10, 80, 5, 3, 2
70, 20, 5, 3, 2
10, 5, 2, 1, 1
70, 20, 5, 3, 2
10, 5, 2, 1, 1
70, 20, 5, 3, 2
0, 0, 0, 0, 100
70, 20, 5, 3, 2
10, 5, 80, 3, 2
70, 20, 5, 3, 2
0, 0, 0, 0, 100
70, 20, 5, 3, 2
10, 80, 5, 3, 2
70, 20, 5, 3, 2
0, 0, 0, 0, 100
10, 90, 0, 0, 0
0, 0, 0, 0, 100
70, 20, 5, 3, 2
10, 5, 2, 1, 1
70, 20, 5, 3, 2
10, 5, 5, 80, 0
70, 20, 5, 3, 2
20, 30, 40, 5, 5
90, 5, 3, 1, 1
0, 0, 0, 0, 0
20, 5, 2, 1, 1
10, 5, 80, 3, 2
70, 20, 5, 3, 2
10, 80, 5, 3, 2
90, 5, 3, 1, 1
20, 5, 2, 1, 1
90, 5, 3, 1, 1
10, 5, 2, 1, 1
90, 5, 3, 1, 1
10, 5, 2, 1, 1
90, 5, 3, 1, 1
10, 5, 80, 3, 2
90, 5, 3, 1, 1
10, 20, 50, 15, 5
70, 20, 5, 3, 2
20, 10, 5, 3, 2
90, 5, 3, 1, 1
10, 5, 2, 1, 1
70, 20, 5, 3, 2
10, 5, 2, 1, 1
70, 20, 5, 3, 2
0, 0, 0, 0, 100
90, 5, 3, 1, 1
10, 5, 80, 3, 2
70, 20, 5, 3, 2
10, 5, 2, 1, 1
70, 20, 5, 3, 2
10, 5, 2, 1, 1
10, 5, 80, 3, 2
10, 5, 2, 1, 1
90, 5, 3, 1, 1
10, 5, 2, 1, 1
90, 5, 3, 1, 1
10, 5, 2, 1, 1
10, 5, 2, 1, 1
10, 5, 2, 1, 1
90, 5, 3, 1, 1
10, 5, 2, 1, 1
10, 80, 5, 3, 2
10, 5, 80, 3, 2
70, 20, 5, 3, 2
10, 5, 80, 3, 2
90, 5, 3, 1, 1
10, 5, 2, 1, 1
70, 20, 5, 3, 2
70, 20, 5, 3, 2
90, 5, 3, 1, 1
10, 5, 2, 1, 1
70, 20, 5, 3, 2
10, 5, 2, 1, 1
70, 20, 5, 3, 2
10, 5, 5, 80, 0
90, 5, 3, 1, 1
10, 80, 5, 3, 2
90, 5, 3, 1, 1
0, 0, 0, 0, 100
90, 5, 3, 1, 1
10, 5, 3, 2, 80
70, 20, 5, 3, 2
0, 0, 0, 0, 100
90, 5, 3, 1, 1
10, 5, 2, 1, 1
90, 5, 3, 1, 1
10, 5, 80, 3, 2
90, 5, 3, 1, 1
10, 5, 3, 1, 1
70, 20, 5, 3, 2
10, 5, 80, 3, 2
90, 5, 3, 1, 1
10, 5, 2, 1, 1
70, 20, 5, 3, 2
10, 5, 2, 1, 1
90, 5, 3, 1, 1
0, 0, 0, 0, 100
90, 5, 3, 1, 1
0, 0, 0, 0, 100
90, 5, 3, 1, 1
10, 5, 2, 1, 1
90, 5, 3, 1, 1
10, 5, 5, 80, 0
10, 80, 5, 3, 2
10, 90, 0, 0, 0
70, 20, 5, 3, 2
0, 0, 0, 0, 100
70, 20, 5, 3, 2
10, 5, 2, 1, 1
90, 5, 3, 1, 1
10, 5, 2, 1, 1
70, 20, 5, 3, 2
10, 5, 80, 3, 2
70, 20, 5, 3, 2
10, 5, 2, 1, 1
90, 5, 3, 1, 1
10, 5, 2, 1, 1
90, 5, 3, 1, 1
10, 5, 2, 1, 1
70, 20, 5, 3, 2
10, 5, 3, 1, 1
90, 5, 3, 1, 1
0, 0, 0, 0, 100
90, 5, 3, 1, 1
10, 5, 80, 3, 2
70, 20, 5, 3, 2
10, 5, 2, 1, 1
70, 20, 5, 3, 2
10, 5, 2, 1, 1
90, 5, 3, 1, 1
20, 10, 5, 3, 2
70, 20, 5, 3, 2
10, 5, 3, 1, 1
90, 5, 3, 1, 1
10, 5, 2, 1, 1
90, 5, 3, 1, 1
10, 5, 80, 3, 2
90, 5, 3, 1, 1
0, 0, 0, 0, 100
90, 5, 3, 1, 1
20, 5, 2, 1, 1
70, 20, 5, 3, 2
20, 60, 10, 5, 5
70, 20, 5, 3, 2
0, 0, 0, 0, 100
70, 20, 5, 3, 2
10, 5, 80, 3, 2
70, 20, 5, 3, 2
10, 80, 5, 3, 2
70, 20, 5, 3, 2
10, 5, 2, 1, 1
70, 20, 5, 3, 2
10, 5, 80, 3, 2
70, 20, 5, 3, 2
10, 5, 80, 3, 2
70, 20, 5, 3, 2
0, 0, 0, 0, 100
90, 5, 3, 1, 1
20, 5, 2, 1, 1
70, 20, 5, 3, 2
0, 0, 0, 0, 100
90, 5, 3, 1, 1
10, 5, 2, 1, 1
70, 20, 5, 3, 2
10, 5, 5, 80, 0
70, 20, 5, 3, 2
0, 0, 0, 0, 100
90, 5, 3, 1, 1
10, 5, 2, 1, 1
70, 20, 5, 3, 2
10, 5, 80, 3, 2
90, 5, 3, 1, 1
10, 5, 2, 1, 1
70, 20, 5, 3, 2
10, 5, 80, 3, 2
90, 5, 3, 1, 1
10, 5, 2, 1, 1
90, 5, 3, 1, 1
10, 5, 3, 1, 1
70, 15, 10, 3, 2
0, 0, 0, 0, 0
10, 5, 2, 1, 1
0, 0, 0, 0, 100
70, 20, 5, 3, 2
10, 80, 5, 3, 2
70, 20, 5, 3, 2
10, 5, 2, 1, 1
70, 20, 5, 3, 2
10, 70, 15, 3, 2
90, 5, 3, 1, 1
10, 5, 5, 80, 0
70, 20, 5, 3, 2
20, 60, 15, 3, 2
90, 5, 3, 1, 1
10, 5, 2, 1, 1
70, 20, 5, 3, 2
0, 0, 0, 0, 100
10, 70, 15, 3, 2
0, 0, 0, 0, 100
90, 5, 3, 1, 1
10, 5, 2, 1, 1
90, 5, 3, 1, 1
10, 5, 2, 1, 1
90, 5, 3, 1, 1
10, 5, 2, 1, 1
10, 80, 5, 3, 2
10, 5, 80, 3, 2
90, 5, 3, 1, 1
0, 0, 0, 0, 100
90, 5, 3, 1, 1
10, 5, 3, 1, 1
10, 70, 15, 3, 2
0, 0, 0, 0, 100
70, 20, 5, 3, 2
10, 5, 2, 1, 1
90, 5, 3, 1, 1
20, 5, 5, 3, 2
70, 20, 5, 3, 2
10, 5, 2, 1, 1
10, 90, 0, 0, 0
0, 0, 0, 0, 100
90, 5, 3, 1, 1
10, 5, 2, 1, 1
70, 20, 5, 3, 2
0, 0, 0, 0, 100
90, 5, 3, 1, 1
10, 5, 2, 1, 1
90, 5, 3, 1, 1
10, 5, 3, 1, 1
90, 5, 3, 1, 1
10, 5, 80, 3, 2
90, 5, 3, 1, 1
0, 0, 0, 0, 100
70, 20, 5, 3, 2
0, 0, 0, 0, 100
70, 20, 5, 3, 2
0, 0, 0, 0, 100
70, 20, 5, 3, 2
0, 0, 0, 0, 100
70, 20, 5, 3, 2
10, 5, 2, 1, 1
70, 20, 5, 3, 2
10, 5, 2, 1, 1
90, 5, 3, 1, 1
10, 5, 2, 1, 1
90, 5, 3, 1, 1
10, 5, 80, 3, 2
70, 20, 5, 3, 2
10, 5, 80, 3, 2
90, 5, 3, 1, 1
10, 70, 15, 3, 2
90, 5, 3, 1, 1
20, 30, 40, 5, 5
90, 5, 3, 1, 1
0, 0, 0, 0, 100
90, 5, 3, 1, 1
10, 5, 2, 1, 1
10, 80, 5, 3, 2
10, 5, 2, 1, 1
90, 5, 3, 1, 1
10, 5, 80, 3, 2
70, 20, 5, 3, 2
0, 0, 0, 0, 100
10, 90, 0, 0, 0
0, 0, 0, 0, 100
70, 20, 5, 3, 2
10, 5, 2, 1, 1
70, 20, 5, 3, 2
10, 5, 2, 1, 1
70, 20, 5, 3, 2
10, 5, 2, 1, 1
90, 5, 3, 1, 1
20, 60, 15, 3, 2
70, 20, 5, 3, 2
0, 0, 0, 100, 0
90, 5, 3, 1, 1
0, 0, 0, 0, 100
90, 5, 3, 1, 1
10, 5, 3, 2, 1
70, 20, 5, 3, 2
10, 5, 2, 1, 1
70, 20, 5, 3, 2
10, 5, 2, 1, 1
70, 20, 5, 3, 2
10, 5, 2, 1, 1
90, 5, 3, 1, 1
10, 20, 30, 25, 15
70, 20, 5, 3, 2
10, 5, 80, 3, 2
90, 5, 3, 1, 1
10, 5, 80, 3, 2
70, 20, 5, 3, 2
0, 0, 0, 0, 100
90, 5, 3, 1, 1
0, 0, 0, 0, 100
70, 20, 5, 3, 2
0, 0, 0, 0, 100
70, 20, 5, 3, 2
10, 5, 2, 1, 1
90, 5, 3, 1, 1
10, 5, 2, 1, 1
70, 20, 5, 3, 2
10, 5, 2, 1, 1
90, 5, 3, 1, 1
10, 5, 2, 1, 1
70, 20, 5, 3, 2
10, 5, 2, 1, 1
70, 20, 5, 3, 2
0, 0, 0, 0, 100
70, 20, 5, 3, 2
0, 0, 0, 0, 100
70, 20, 5, 3, 2
10, 5, 2, 1, 1
70, 20, 5, 3, 2
10, 5, 5, 80, 0
70, 20, 5, 3, 2
0, 0, 0, 0, 100
70, 20, 5, 3, 2
0, 0, 0, 0, 100
90, 5, 3, 1, 1
10, 5, 2, 1, 1
10, 80, 5, 3, 2
10, 5, 80, 3, 2
10, 90, 0, 0, 0
10, 5, 2, 1, 1
90, 5, 3, 1, 1
20, 5, 2, 1, 1
70, 20, 5, 3, 2
10, 5, 2, 1, 1
90, 5, 3, 1, 1
20, 30, 40, 5, 5
70, 20, 5, 3, 2
0, 0, 0, 0, 0
70, 20, 5, 3, 2
10, 5, 5, 3, 2
70, 20, 5, 3, 2
10, 5, 80, 3, 2
70, 20, 5, 3, 2
0, 0, 0, 0, 100
90, 5, 3, 1, 1
10, 5, 2, 1, 1
70, 15, 10, 3, 2
0, 0, 0, 0, 100
10, 90, 0, 0, 0
10, 5, 5, 80, 0
70, 20, 5, 3, 2
10, 5, 2, 1, 1
90, 5, 3, 1, 1
10, 5, 80, 3, 2
70, 20, 5, 3, 2
10, 5, 3, 1, 1
70, 15, 10, 3, 2
10, 5, 80, 3, 2
70, 20, 5, 3, 2
10, 5, 2, 1, 1
70, 20, 5, 3, 2
10, 5, 2, 1, 1
70, 20, 5, 3, 2
10, 5, 3, 1, 1
90, 5, 3, 1, 1
10, 5, 80, 3, 2
90, 5, 3, 1, 1
10, 5, 2, 1, 1
70, 20, 5, 3, 2
10, 5, 80, 3, 2
70, 20, 5, 3, 2
10, 5, 80, 3, 2
70, 20, 5, 3, 2
10, 5, 3, 1, 1
70, 20, 5, 3, 2
10, 5, 80, 3, 2
90, 5, 3, 1, 1
20, 5, 2, 1, 1
90, 5, 3, 1, 1
0, 0, 0, 0, 100
70, 15, 10, 3, 2
0, 0, 0, 0, 100
