90, 5, 3, 1, 1
10, 5, 2, 1, 1
90, 5, 3, 1, 1
0, 0, 0, 0, 100
90, 5, 3, 1, 1
10, 70, 15, 3, 2
90, 5, 3, 1, 1
10, 5, 2, 1, 1
90, 5, 3, 1, 1
10, 5, 2, 1, 1
90, 5, 3, 1, 1
20, 10, 5, 3, 2
90, 5, 3, 1, 1
10, 5, 80, 3, 2
70, 20, 5, 3, 2
10, 5, 2, 1, 1
90, 5, 3, 1, 1
10, 5, 80, 3, 2
70, 20, 5, 3, 2
10, 5, 80, 3, 2
90, 5, 3, 1, 1
20, 30, 40, 5, 5
90, 5, 3, 1, 1
10, 5, 2, 1, 1
90, 5, 3, 1, 1
10, 5, 5, 3, 2
90, 5, 3, 1, 1
70, 20, 5, 3, 2
90, 5, 3, 1, 1
20, 10, 5, 3, 2
90, 5, 3, 1, 1
20, 10, 5, 3, 2
90, 5, 3, 1, 1

The summary covers the main topic of two Manchester United fans spending the night in an Old Trafford toilet to see the game against Arsenal. However, it fails to mention key points such as the security sweep, the fact that they were found before the game, and the previous incident with a suspect package. The summary also lacks clarity and logical order in presenting the information.
20, 5, 2, 1, 1
90, 5, 3, 1, 1
10, 5, 2, 1, 1
90, 5, 3, 1, 1
10, 5, 2, 1, 1
90, 5, 3, 1, 1
10, 5, 2, 1, 1
90, 5, 3, 1, 1
20, 10, 5, 3, 2
90, 5, 3, 1, 1
10, 5, 2, 1, 1
90, 5, 3, 1, 1
10, 5, 2, 1, 1
90, 5, 3, 1, 1
20, 60, 10, 5, 5
90, 5, 3, 1, 1
10, 5, 2, 1, 1
90, 5, 3, 1, 1
20, 10, 5, 3, 2
90, 5, 3, 1, 1
10, 5, 2, 1, 1
70, 20, 5, 3, 2
20, 5, 2, 1, 1
90, 5, 3, 1, 1
0, 0, 0, 0, 100
90, 5, 3, 1, 1
20, 10, 5, 3, 2
90, 5, 3, 1, 1
10, 5, 2, 1, 1
90, 5, 3, 1, 1
20, 30, 40, 5, 5
90, 5, 3, 1, 1
20, 5, 2, 1, 1
90, 5, 3, 1, 1
10, 5, 2, 1, 1
90, 5, 3, 1, 1
20, 5, 2, 1, 1
90, 5, 3, 1, 1
20, 10, 5, 3, 2
70, 20, 5, 3, 2
10, 5, 2, 1, 1
90, 5, 3, 1, 1
20, 60, 15, 3, 2
70, 20, 5, 3, 2
0, 0, 0, 0, 100
90, 5, 3, 1, 1
20, 10, 5, 3, 2
70, 20, 5, 3, 2
10, 5, 2, 1, 1
90, 5, 3, 1, 1
20, 10, 5, 3, 2
90, 5, 3, 1, 1

The summary covers the main topic of the article, which is the temporary closure and repair of the railway line due to a landslip. However, it lacks key details such as the specific date of closure and reopening, the location of the incident, and the potential future closures for stabilisation work. The summary also does not mention the cost of the longer-term solution, which is an important point in the article. Overall, the summary provides a basic overview but lacks important details and context.
20, 30, 40, 5, 5
90, 5, 3, 1, 1
10, 5, 2, 1, 1
90, 5, 3, 1, 1
10, 5, 2, 1, 1
90, 5, 3, 1, 1
20, 10, 5, 3, 2
70, 20, 5, 3, 2
10, 5, 2, 1, 1
90, 5, 3, 1, 1
20, 5, 2, 1, 1
90, 5, 3, 1, 1
10, 5, 2, 1, 1
90, 5, 3, 1, 1
10, 5, 80, 3, 2
90, 5, 3, 1, 1
10, 5, 2, 1, 1
90, 5, 3, 1, 1
20, 10, 5, 3, 2
90, 5, 3, 1, 1
10, 5, 2, 1, 1
90, 5, 3, 1, 1
10, 70, 15, 3, 2
90, 5, 3, 1, 1
10, 5, 2, 1, 1
90, 5, 3, 1, 1
0, 0, 0, 0, 100
90, 5, 3, 1, 1
10, 5, 2, 1, 1
90, 5, 3, 1, 1
10, 5, 2, 1, 1
90, 5, 3, 1, 1
20, 10, 5, 3, 2
70, 20, 5, 3, 2
10, 5, 2, 1, 1
70, 20, 5, 3, 2
20, 5, 2, 1, 1
90, 5, 3, 1, 1
10, 5, 5, 5, 75
70, 20, 5, 3, 2
20, 10, 5, 3, 2
90, 5, 3, 1, 1
10, 5, 2, 1, 1
90, 5, 3, 1, 1
10, 5, 2, 1, 1
90, 5, 3, 1, 1
20, 10, 5, 3, 2
90, 5, 3, 1, 1
20, 5, 2, 1, 1
90, 5, 3, 1, 1
10, 5, 2, 1, 1
90, 5, 3, 1, 1
10, 5, 2, 1, 1
85, 10, 3, 1, 1
20, 10, 5, 3, 2
90, 5, 3, 1, 1
20, 10, 5, 3, 2
90, 5, 3, 1, 1
10, 5, 2, 1, 1
90, 5, 3, 1, 1
10, 5, 2, 1, 1
90, 5, 3, 1, 1
10, 5, 2, 1, 1
70, 20, 5, 3, 2
10, 5, 2, 1, 1
90, 5, 3, 1, 1
20, 5, 2, 1, 1
90, 5, 3, 1, 1
20, 10, 5, 3, 2
90, 5, 3, 1, 1
10, 5, 2, 1, 1
90, 5, 3, 1, 1
10, 5, 2, 1, 1
70, 20, 5, 3, 2
10, 5, 2, 1, 1
10, 5, 5, 3, 2
10, 5, 2, 1, 1
90, 5, 3, 1, 1
10, 5, 2, 1, 1
70, 20, 5, 3, 2
10, 5, 2, 1, 1
90, 5, 3, 1, 1
10, 5, 5, 3, 2
90, 5, 3, 1, 1
20, 60, 10, 5, 5
70, 20, 5, 3, 2
10, 5, 2, 1, 1
90, 5, 3, 1, 1
20, 10, 5, 3, 2
90, 5, 3, 1, 1
20, 10, 5, 3, 2
70, 20, 5, 3, 2
10, 5, 2, 1, 1
90, 5, 3, 1, 1
10, 5, 2, 1, 1
90, 5, 3, 1, 1
10, 5, 2, 1, 1
90, 5, 3, 1, 1
10, 5, 2, 1, 1
90, 5, 3, 1, 1
10, 5, 2, 1, 1
70, 20, 5, 3, 2
10, 5, 2, 1, 1
90, 5, 3, 1, 1
20, 60, 10, 5, 5
90, 5, 3, 1, 1
10, 5, 2, 1, 1
90, 5, 3, 1, 1
20, 5, 2, 1, 1
90, 5, 3, 1, 1
10, 5, 5, 3, 2
90, 5, 3, 1, 1
10, 5, 2, 1, 1
90, 5, 3, 1, 1
90, 5, 3, 1, 1
90, 5, 3, 1, 1
10, 5, 2, 1, 1
90, 5, 3, 1, 1
10, 5, 2, 1, 1
90, 5, 3, 1, 1
10, 5, 2, 1, 1
90, 5, 3, 1, 1
20, 5, 2, 1, 1
90, 5, 3, 1, 1
10, 5, 80, 3, 2
90, 5, 3, 1, 1
20, 10, 5, 3, 2
70, 20, 5, 3, 2
10, 5, 2, 1, 1
70, 20, 5, 3, 2
20, 10, 5, 3, 2
90, 5, 3, 1, 1
20, 30, 40, 5, 5
90, 5, 3, 1, 1
10, 70, 15, 3, 2
90, 5, 3, 1, 1
10, 5, 2, 1, 1
70, 20, 5, 3, 2
20, 10, 5, 3, 2
70, 20, 5, 3, 2
70, 20, 5, 3, 2
70, 20, 5, 3, 2
10, 80, 5, 3, 2
70, 20, 5, 3, 2
20, 30, 40, 5, 5
90, 5, 3, 1, 1
70, 20, 5, 3, 2
90, 5, 3, 1, 1
10, 5, 2, 1, 1
90, 5, 3, 1, 1
20, 10, 5, 3, 2
90, 5, 3, 1, 1
20, 5, 2, 1, 1
90, 5, 3, 1, 1
10, 5, 2, 1, 1
70, 20, 5, 3, 2
20, 10, 5, 3, 2
70, 20, 5, 3, 2
20, 60, 15, 3, 2
90, 5, 3, 1, 1
20, 10, 5, 3, 2
90, 5, 3, 1, 1
20, 10, 5, 3, 2
90, 5, 3, 1, 1
20, 30, 40, 5, 5
90, 5, 3, 1, 1
20, 10, 5, 3, 2
90, 5, 3, 1, 1
10, 5, 80, 3, 2
90, 5, 3, 1, 1
10, 5, 2, 1, 1
90, 5, 3, 1, 1
10, 5, 2, 1, 1
90, 5, 3, 1, 1
10, 5, 2, 1, 1
90, 5, 3, 1, 1
20, 5, 2, 1, 1
90, 5, 3, 1, 1
10, 5, 80, 3, 2
90, 5, 3, 1, 1
10, 5, 2, 1, 1
90, 5, 3, 1, 1
70, 20, 5, 3, 2
90, 5, 3, 1, 1
10, 5, 2, 1, 1
90, 5, 3, 1, 1
20, 10, 5, 3, 2
90, 5, 3, 1, 1
10, 5, 2, 1, 1
90, 5, 3, 1, 1
10, 5, 2, 1, 1
90, 5, 3, 1, 1
0, 0, 0, 0, 100
90, 5, 3, 1, 1
10, 5, 2, 1, 1
90, 5, 3, 1, 1
20, 30, 30, 15, 5
70, 20, 5, 3, 2
20, 10, 5, 3, 2
90, 5, 3, 1, 1
10, 5, 3, 1, 1
90, 5, 3, 1, 1
10, 5, 2, 1, 1
90, 5, 3, 1, 1
10, 5, 2, 1, 1
90, 5, 3, 1, 1

The summary covers the main topic of Princess Charlene giving birth to twin babies, Gabriella and Jacques, as well as mentioning their father, Prince Albert II, and the succession laws in Monaco. However, it lacks key details such as the firing of canon shots and the historical significance of the twins' birth. The summary presents the information in a clear and logical order, but it could be more comprehensive.
20, 5, 2, 1, 1
90, 5, 3, 1, 1
20, 60, 10, 5, 5
90, 5, 3, 1, 1
20, 10, 5, 3, 2
90, 5, 3, 1, 1
20, 10, 5, 3, 2
90, 5, 3, 1, 1
20, 5, 2, 1, 1
90, 5, 3, 1, 1
0, 0, 0, 0, 100
90, 5, 3, 1, 1
10, 5, 2, 1, 1
90, 5, 3, 1, 1
10, 5, 2, 1, 1
70, 20, 5, 3, 2
20, 10, 5, 3, 2
90, 5, 3, 1, 1
10, 5, 5, 3, 2
90, 5, 3, 1, 1
10, 5, 2, 1, 1
90, 5, 3, 1, 1
20, 30, 30, 10, 10
90, 5, 3, 1, 1
70, 20, 5, 3, 2
70, 20, 5, 3, 2
10, 80, 5, 3, 2
70, 20, 5, 3, 2
70, 20, 5, 3, 2
90, 5, 3, 1, 1
20, 10, 5, 3, 2
90, 5, 3, 1, 1
20, 10, 5, 3, 2
90, 5, 3, 1, 1
10, 5, 2, 1, 1
90, 5, 3, 1, 1
10, 5, 2, 1, 1
90, 5, 3, 1, 1
20, 5, 2, 1, 1
70, 20, 5, 3, 2
10, 5, 2, 1, 1
90, 5, 3, 1, 1
10, 5, 80, 3, 2
90, 5, 3, 1, 1
10, 5, 2, 1, 1
90, 5, 3, 1, 1
10, 5, 2, 1, 1
90, 5, 3, 1, 1
10, 80, 5, 3, 2
70, 20, 5, 3, 2
70, 20, 5, 3, 2
10, 5, 2, 1, 1
20, 10, 5, 3, 2
90, 5, 3, 1, 1
10, 5, 2, 1, 1
90, 5, 3, 1, 1
10, 5, 2, 1, 1
90, 5, 3, 1, 1
20, 5, 5, 5, 65
70, 20, 5, 3, 2
10, 5, 2, 1, 1
70, 20, 5, 3, 2
10, 5, 2, 1, 1
90, 5, 3, 1, 1
20, 30, 40, 5, 5
90, 5, 3, 1, 1
20, 30, 40, 5, 5
70, 20, 5, 3, 2
70, 20, 5, 3, 2
90, 5, 3, 1, 1
10, 5, 2, 1, 1
90, 5, 3, 1, 1
10, 5, 2, 1, 1
90, 5, 3, 1, 1
20, 10, 5, 3, 2
70, 20, 5, 3, 2
20, 30, 40, 5, 5
90, 5, 3, 1, 1
10, 5, 2, 1, 1
90, 5, 3, 1, 1
20, 30, 30, 15, 5
90, 5, 3, 1, 1
10, 5, 2, 1, 1
90, 5, 3, 1, 1
10, 5, 2, 1, 1
90, 5, 3, 1, 1
20, 30, 40, 5, 5
90, 5, 3, 1, 1
20, 30, 40, 5, 5
90, 5, 3, 1, 1
10, 5, 2, 1, 1
90, 5, 3, 1, 1
10, 5, 5, 80, 0
90, 5, 3, 1, 1
0, 0, 0, 0, 100
90, 5, 3, 1, 1
10, 5, 80, 3, 2
90, 5, 3, 1, 1
10, 5, 2, 1, 1
90, 5, 3, 1, 1
10, 5, 2, 1, 1
70, 20, 5, 3, 2
10, 5, 2, 1, 1
90, 5, 3, 1, 1
20, 10, 5, 3, 2
90, 5, 3, 1, 1
20, 10, 5, 3, 2
70, 20, 5, 3, 2
10, 5, 2, 1, 1
90, 5, 3, 1, 1
10, 5, 5, 3, 2
90, 5, 3, 1, 1
20, 10, 5, 3, 2
90, 5, 3, 1, 1
10, 5, 2, 1, 1
90, 5, 3, 1, 1
10, 5, 5, 80, 0
90, 5, 3, 1, 1
10, 5, 2, 1, 1
90, 5, 3, 1, 1
10, 5, 2, 1, 1
90, 5, 3, 1, 1
20, 5, 2, 1, 1
70, 20, 5, 3, 2
10, 5, 2, 1, 1
90, 5, 3, 1, 1
10, 70, 15, 3, 2
70, 20, 5, 3, 2
10, 5, 2, 1, 1
90, 5, 3, 1, 1
0, 0, 0, 0, 100
90, 5, 3, 1, 1
20, 30, 30, 15, 5
90, 5, 3, 1, 1
0, 0, 0, 0, 100
90, 5, 3, 1, 1
20, 60, 15, 3, 2
90, 5, 3, 1, 1
10, 5, 2, 1, 1
90, 5, 3, 1, 1
20, 5, 2, 1, 1
90, 5, 3, 1, 1
10, 5, 5, 3, 2
10, 5, 2, 1, 1
20, 10, 5, 3, 2
70, 20, 5, 3, 2
20, 60, 10, 5, 5
90, 5, 3, 1, 1
70, 20, 5, 3, 2
90, 5, 3, 1, 1
20, 10, 5, 3, 2
90, 5, 3, 1, 1
10, 5, 2, 1, 1
90, 5, 3, 1, 1
10, 5, 2, 1, 1
90, 5, 3, 1, 1
10, 5, 2, 1, 1
90, 5, 3, 1, 1
10, 5, 2, 1, 1
90, 5, 3, 1, 1
10, 5, 5, 3, 2
90, 5, 3, 1, 1
0, 0, 0, 0, 100
90, 5, 3, 1, 1
0, 0, 0, 0, 0
90, 5, 3, 1, 1
20, 10, 5, 3, 2
90, 5, 3, 1, 1
0, 0, 0, 0, 100
90, 5, 3, 1, 1
10, 5, 2, 1, 1
70, 20, 5, 3, 2
10, 5, 2, 1, 1
70, 20, 5, 3, 2
20, 5, 2, 1, 1
90, 5, 3, 1, 1
20, 10, 5, 3, 2
90, 5, 3, 1, 1
20, 10, 5, 3, 2
90, 5, 3, 1, 1
20, 5, 2, 1, 1
90, 5, 3, 1, 1
0, 0, 0, 0, 100
90, 5, 3, 1, 1
10, 5, 2, 1, 1
90, 5, 3, 1, 1
20, 10, 5, 3, 2
90, 5, 3, 1, 1
20, 10, 5, 3, 2
90, 5, 3, 1, 1
20, 5, 2, 1, 1
90, 5, 3, 1, 1
0, 0, 0, 0, 100
90, 5, 3, 1, 1
10, 5, 2, 1, 1
70, 20, 5, 3, 2
20, 5, 2, 1, 1
90, 5, 3, 1, 1
10, 5, 2, 1, 1
90, 5, 3, 1, 1
10, 5, 2, 1, 1
90, 5, 3, 1, 1
10, 5, 2, 1, 1
90, 5, 3, 1, 1
10, 5, 2, 1, 1
90, 5, 3, 1, 1
10, 5, 5, 3, 2
90, 5, 3, 1, 1
10, 5, 2, 1, 1
90, 5, 3, 1, 1
0, 0, 0, 0, 100
90, 5, 3, 1, 1
10, 5, 2, 1, 1
90, 5, 3, 1, 1
10, 5, 2, 1, 1
90, 5, 3, 1, 1
20, 5, 2, 1, 1
90, 5, 3, 1, 1
20, 5, 2, 1, 1
90, 5, 3, 1, 1
10, 5, 2, 1, 1
90, 5, 3, 1, 1
20, 5, 2, 1, 1
90, 5, 3, 1, 1
20, 10, 5, 3, 2
90, 5, 3, 1, 1
10, 5, 2, 1, 1
70, 20, 5, 3, 2
10, 5, 2, 1, 1
90, 5, 3, 1, 1
20, 10, 5, 3, 2
70, 20, 5, 3, 2
20, 10, 5, 3, 2
90, 5, 3, 1, 1
20, 10, 5, 3, 2
70, 20, 5, 3, 2
10, 5, 2, 1, 1
90, 5, 3, 1, 1
20, 10, 5, 3, 2
90, 5, 3, 1, 1
0, 0, 0, 0, 100
90, 5, 3, 1, 1
10, 80, 5, 3, 2
90, 5, 3, 1, 1
20, 60, 15, 3, 2
90, 5, 3, 1, 1
10, 5, 5, 80, 0
90, 5, 3, 1, 1
0, 0, 0, 0, 100
10, 5, 2, 1, 1
0, 0, 0, 0, 100
90, 5, 3, 1, 1
10, 5, 2, 1, 1
70, 20, 5, 3, 2
20, 30, 40, 5, 5
90, 5, 3, 1, 1
10, 70, 15, 3, 2
90, 5, 3, 1, 1
20, 10, 5, 3, 2
90, 5, 3, 1, 1
10, 5, 2, 1, 1
70, 15, 10, 3, 2
20, 10, 5, 3, 2
90, 5, 3, 1, 1
20, 30, 40, 5, 5
90, 5, 3, 1, 1
0, 0, 0, 0, 100
70, 20, 5, 3, 2
70, 20, 5, 3, 2
70, 20, 5, 3, 2
10, 5, 2, 1, 1
10, 5, 2, 1, 1
20, 10, 5, 3, 2
90, 5, 3, 1, 1
10, 80, 5, 3, 2
90, 5, 3, 1, 1
20, 5, 2, 1, 1
90, 5, 3, 1, 1
10, 5, 2, 1, 1
70, 20, 5, 3, 2
0, 0, 0, 0, 100
70, 15, 10, 3, 2
10, 5, 2, 1, 1
90, 5, 3, 1, 1
10, 5, 2, 1, 1
90, 5, 3, 1, 1
10, 5, 2, 1, 1
90, 5, 3, 1, 1
10, 5, 5, 3, 2
90, 5, 3, 1, 1
10, 5, 2, 1, 1
90, 5, 3, 1, 1
10, 5, 2, 1, 1
70, 20, 5, 3, 2
10, 5, 2, 1, 1
90, 5, 3, 1, 1
10, 5, 2, 1, 1
90, 5, 3, 1, 1
0, 0, 0, 0, 100
90, 5, 3, 1, 1
20, 10, 5, 3, 2
90, 5, 3, 1, 1
20, 60, 15, 3, 2
90, 5, 3, 1, 1
10, 5, 2, 1, 1
90, 5, 3, 1, 1
20, 5, 2, 1, 1
90, 5, 3, 1, 1
20, 30, 40, 5, 5
90, 5, 3, 1, 1
10, 5, 2, 1, 1
90, 5, 3, 1, 1
10, 5, 5, 3, 2
90, 5, 3, 1, 1
20, 10, 5, 3, 2
90, 5, 3, 1, 1
10, 5, 2, 1, 1
90, 5, 3, 1, 1
10, 5, 80, 3, 2
90, 5, 3, 1, 1
20, 5, 2, 1, 1
90, 5, 3, 1, 1
10, 5, 2, 1, 1
90, 5, 3, 1, 1
0, 0, 0, 0, 100
90, 5, 3, 1, 1
10, 5, 80, 3, 2
90, 5, 3, 1, 1
70, 20, 5, 3, 2
70, 20, 5, 3, 2
10, 70, 15, 3, 2
70, 20, 5, 3, 2
90, 5, 3, 1, 1
70, 20, 5, 3, 2
20, 10, 5, 3, 2
70, 20, 5, 3, 2
10, 5, 2, 1, 1
90, 5, 3, 1, 1
10, 5, 2, 1, 1
70, 20, 5, 3, 2
20, 30, 40, 5, 5
90, 5, 3, 1, 1
10, 5, 80, 3, 2
70, 20, 5, 3, 2
10, 5, 5, 3, 2
90, 5, 3, 1, 1
20, 5, 2, 1, 1
90, 5, 3, 1, 1
10, 5, 2, 1, 1
90, 5, 3, 1, 1
10, 5, 2, 1, 1
70, 20, 5, 3, 2
10, 5, 2, 1, 1
90, 5, 3, 1, 1
20, 5, 2, 1, 1
90, 5, 3, 1, 1
10, 70, 15, 3, 2
70, 20, 5, 3, 2
0, 0, 0, 0, 100
90, 5, 3, 1, 1
10, 5, 2, 1, 1
90, 5, 3, 1, 1
10, 5, 5, 3, 2
90, 5, 3, 1, 1
10, 5, 2, 1, 1
90, 5, 3, 1, 1
10, 5, 2, 1, 1
90, 5, 3, 1, 1
10, 5, 2, 1, 1
90, 5, 3, 1, 1
20, 5, 2, 1, 1
70, 20, 5, 3, 2
10, 5, 2, 1, 1
90, 5, 3, 1, 1
20, 5, 2, 1, 1
70, 20, 5, 3, 2
20, 10, 5, 3, 2
90, 5, 3, 1, 1
20, 5, 2, 1, 1
90, 5, 3, 1, 1
0, 0, 0, 0, 100
90, 5, 3, 1, 1
10, 5, 2, 1, 1
90, 5, 3, 1, 1
20, 5, 2, 1, 1
90, 5, 3, 1, 1
10, 5, 2, 1, 1
90, 5, 3, 1, 1
20, 10, 5, 3, 2
90, 5, 3, 1, 1
10, 5, 5, 80, 0
90, 5, 3, 1, 1
10, 5, 2, 1, 1
90, 5, 3, 1, 1
20, 70, 5, 3, 2
70, 20, 5, 3, 2
10, 5, 2, 1, 1
90, 5, 3, 1, 1
20, 10, 5, 3, 2
90, 5, 3, 1, 1
10, 5, 2, 1, 1
90, 5, 3, 1, 1
20, 10, 5, 3, 2
70, 20, 5, 3, 2
10, 5, 5, 80, 0
90, 5, 3, 1, 1
20, 10, 5, 3, 2
70, 15, 10, 3, 2
10, 70, 15, 3, 2
90, 5, 3, 1, 1
20, 5, 2, 1, 1
90, 5, 3, 1, 1

The summary covers the main topic of John Lennon's first home being sold at an auction, but it misses key points such as the specific address, guide price, and the interest from potential buyers. The summary also introduces the location of the auction as the Cavern Club, which is not mentioned in the original article. Overall, the summary is somewhat accurate but lacks important details and context from the news article.
20, 5, 2, 1, 1
70, 20, 5, 3, 2
10, 5, 2, 1, 1
70, 20, 5, 3, 2
10, 5, 2, 1, 1
90, 5, 3, 1, 1
10, 5, 2, 1, 1
90, 5, 3, 1, 1
20, 10, 5, 3, 2
90, 5, 3, 1, 1
20, 5, 2, 1, 1
90, 5, 3, 1, 1
0, 0, 0, 0, 0
90, 5, 3, 1, 1
10, 5, 2, 1, 1
70, 20, 5, 3, 2
10, 5, 2, 1, 1
90, 5, 3, 1, 1
10, 5, 2, 1, 1
90, 5, 3, 1, 1
10, 5, 2, 1, 1
90, 5, 3, 1, 1
20, 10, 5, 3, 2
90, 5, 3, 1, 1
10, 5, 2, 1, 1
90, 5, 3, 1, 1
0, 0, 0, 0, 100
90, 5, 3, 1, 1
10, 5, 2, 1, 1
90, 5, 3, 1, 1
0, 0, 0, 0, 100
90, 5, 3, 1, 1
10, 5, 2, 1, 1
70, 20, 5, 3, 2
0, 0, 0, 0, 100
90, 5, 3, 1, 1
20, 10, 5, 3, 2
90, 5, 3, 1, 1
0, 0, 0, 0, 100
90, 5, 3, 1, 1
20, 5, 2, 1, 1
70, 20, 5, 3, 2
10, 5, 5, 3, 2
90, 5, 3, 1, 1
20, 5, 2, 1, 1
70, 20, 5, 3, 2
20, 5, 5, 3, 2
70, 20, 5, 3, 2
20, 5, 2, 1, 1
90, 5, 3, 1, 1
10, 5, 2, 1, 1
90, 5, 3, 1, 1
20, 10, 5, 3, 2
90, 5, 3, 1, 1
10, 5, 3, 1, 1
70, 20, 5, 3, 2
0, 0, 0, 0, 100
90, 5, 3, 1, 1
20, 10, 5, 3, 2
90, 5, 3, 1, 1
0, 0, 0, 0, 100
90, 5, 3, 1, 1
10, 5, 2, 1, 1
90, 5, 3, 1, 1
0, 0, 0, 0, 100
90, 5, 3, 1, 1
20, 10, 5, 3, 2
90, 5, 3, 1, 1
10, 5, 2, 1, 1
90, 5, 3, 1, 1
10, 5, 2, 1, 1
90, 5, 3, 1, 1
10, 5, 2, 1, 1
90, 5, 3, 1, 1

The summary covers the main topic of the article, which is the charges brought against Muhanad Mahmoud al-Farekh by the US Justice Department for supporting a conspiracy to kill Americans and carry out attacks against the US military. However, it lacks key points such as his background, the involvement of two others, and their journey from Canada to Pakistan. The summary is clear and concise but misses important details from the article.
10, 5, 5, 3, 2
90, 5, 3, 1, 1
20, 10, 5, 3, 2
90, 5, 3, 1, 1
20, 5, 2, 1, 1
90, 5, 3, 1, 1
20, 30, 10, 5, 35
90, 5, 3, 1, 1
10, 5, 5, 3, 2
70, 20, 5, 3, 2
20, 10, 5, 3, 2
70, 20, 5, 3, 2
10, 5, 2, 1, 1
90, 5, 3, 1, 1
20, 5, 2, 1, 1
90, 5, 3, 1, 1
20, 5, 2, 1, 1
90, 5, 3, 1, 1
0, 0, 0, 0, 100
90, 5, 3, 1, 1
10, 5, 2, 1, 1
90, 5, 3, 1, 1
10, 80, 5, 3, 2
90, 5, 3, 1, 1
20, 30, 40, 5, 5
90, 5, 3, 1, 1
10, 5, 2, 1, 1
90, 5, 3, 1, 1
10, 5, 5, 3, 2
90, 5, 3, 1, 1
10, 5, 3, 2, 1
90, 5, 3, 1, 1
10, 5, 2, 1, 1
90, 5, 3, 1, 1
10, 70, 15, 3, 2
70, 20, 5, 3, 2
20, 10, 5, 3, 2
90, 5, 3, 1, 1
10, 5, 2, 1, 1
90, 5, 3, 1, 1
10, 5, 2, 1, 1
90, 5, 3, 1, 1
10, 5, 5, 3, 2
90, 5, 3, 1, 1
10, 70, 15, 3, 2
90, 5, 3, 1, 1
20, 5, 2, 1, 1
90, 5, 3, 1, 1
20, 10, 5, 3, 2
90, 5, 3, 1, 1
10, 5, 2, 1, 1
70, 20, 5, 3, 2
10, 5, 2, 1, 1
70, 20, 5, 3, 2
0, 0, 0, 0, 100
90, 5, 3, 1, 1
20, 10, 5, 3, 2
90, 5, 3, 1, 1

The summary covers the main topic of the article, which is the broadcasting of the South Shields vs Bridlington Town game in the FA Cup. It mentions key points such as the date of the match, the commentators, and the streaming platforms. However, it lacks details about the teams and their backgrounds, which are important aspects of the original article. Overall, the summary is clear and logical but could provide more information.
10, 5, 2, 1, 1
70, 20, 5, 3, 2
10, 5, 2, 1, 1
90, 5, 3, 1, 1
20, 10, 5, 3, 2
90, 5, 3, 1, 1
10, 5, 2, 1, 1
90, 5, 3, 1, 1
10, 5, 2, 1, 1
90, 5, 3, 1, 1
20, 5, 2, 1, 1
90, 5, 3, 1, 1
20, 5, 2, 1, 1
90, 5, 3, 1, 1
10, 5, 2, 1, 1
90, 5, 3, 1, 1
0, 0, 0, 0, 100
90, 5, 3, 1, 1
10, 5, 2, 1, 1
70, 20, 5, 3, 2
0, 0, 0, 0, 100
70, 20, 5, 3, 2
10, 5, 3, 1, 1
90, 5, 3, 1, 1
20, 5, 2, 1, 1
90, 5, 3, 1, 1
20, 10, 5, 3, 2
70, 20, 5, 3, 2
10, 5, 2, 1, 1
90, 5, 3, 1, 1
10, 5, 2, 1, 1
70, 20, 5, 3, 2
10, 70, 15, 3, 2
90, 5, 3, 1, 1
0, 0, 0, 0, 100
90, 5, 3, 1, 1
20, 30, 40, 5, 5
90, 5, 3, 1, 1
20, 60, 10, 5, 5
70, 20, 5, 3, 2
10, 5, 2, 1, 1
90, 5, 3, 1, 1
10, 5, 2, 1, 1
70, 20, 5, 3, 2
20, 60, 10, 5, 5
70, 20, 5, 3, 2
10, 5, 2, 1, 1
70, 20, 5, 3, 2
10, 5, 2, 1, 1
90, 5, 3, 1, 1
10, 5, 2, 1, 1
90, 5, 3, 1, 1
10, 5, 2, 1, 1
90, 5, 3, 1, 1
10, 5, 2, 1, 1
90, 5, 3, 1, 1
20, 30, 30, 15, 5
70, 20, 5, 3, 2
20, 10, 5, 3, 2
90, 5, 3, 1, 1
10, 30, 40, 15, 5
90, 5, 3, 1, 1
10, 5, 2, 1, 1
90, 5, 3, 1, 1
10, 5, 2, 1, 1
70, 20, 5, 3, 2
10, 5, 2, 1, 1
90, 5, 3, 1, 1
20, 5, 2, 1, 1
90, 5, 3, 1, 1
20, 5, 2, 1, 1
90, 5, 3, 1, 1
10, 5, 2, 1, 1
70, 20, 5, 3, 2
10, 5, 2, 1, 1
90, 5, 3, 1, 1
20, 10, 5, 3, 2
90, 5, 3, 1, 1
10, 5, 5, 3, 2
90, 5, 3, 1, 1
20, 5, 2, 1, 1
90, 5, 3, 1, 1
10, 70, 15, 3, 2
90, 5, 3, 1, 1
10, 5, 2, 1, 1
90, 5, 3, 1, 1
10, 5, 2, 1, 1
90, 5, 3, 1, 1
20, 5, 2, 1, 1
90, 5, 3, 1, 1
20, 30, 40, 5, 5
90, 5, 3, 1, 1
20, 5, 2, 1, 1
90, 5, 3, 1, 1
10, 5, 2, 1, 1
90, 5, 3, 1, 1
10, 5, 2, 1, 1
70, 20, 5, 3, 2
10, 5, 2, 1, 1
70, 20, 5, 3, 2
10, 5, 3, 1, 1
90, 5, 3, 1, 1
0, 0, 0, 0, 100
90, 5, 3, 1, 1
70, 20, 5, 3, 2
90, 5, 3, 1, 1
10, 5, 2, 1, 1
90, 5, 3, 1, 1
10, 5, 2, 1, 1
90, 5, 3, 1, 1
10, 5, 3, 2, 1
90, 5, 3, 1, 1
20, 30, 40, 5, 5
90, 5, 3, 1, 1
20, 10, 5, 3, 2
90, 5, 3, 1, 1
10, 5, 2, 1, 1
90, 5, 3, 1, 1
10, 5, 5, 3, 2
70, 20, 5, 3, 2
10, 5, 2, 1, 1
90, 5, 3, 1, 1
10, 5, 2, 1, 1
90, 5, 3, 1, 1
10, 5, 2, 1, 1
90, 5, 3, 1, 1
10, 5, 2, 1, 1
90, 5, 3, 1, 1
70, 20, 5, 3, 2
90, 5, 3, 1, 1
20, 5, 2, 1, 1
90, 5, 3, 1, 1
20, 5, 2, 1, 1
90, 5, 3, 1, 1
20, 10, 5, 3, 2
90, 5, 3, 1, 1
20, 10, 5, 3, 2
90, 5, 3, 1, 1
10, 70, 15, 3, 2
70, 20, 5, 3, 2
20, 5, 2, 1, 1
90, 5, 3, 1, 1
20, 60, 10, 5, 5
90, 5, 3, 1, 1
10, 5, 2, 1, 1
90, 5, 3, 1, 1
10, 5, 2, 1, 1
90, 5, 3, 1, 1
10, 5, 2, 1, 1
90, 5, 3, 1, 1
10, 5, 5, 80, 0
90, 5, 3, 1, 1
0, 0, 0, 0, 100
70, 20, 5, 3, 2
10, 70, 15, 3, 2
90, 5, 3, 1, 1
10, 5, 5, 3, 2
70, 20, 5, 3, 2
20, 5, 2, 1, 1
90, 5, 3, 1, 1
10, 5, 5, 3, 2
90, 5, 3, 1, 1
10, 5, 2, 1, 1
90, 5, 3, 1, 1
10, 5, 2, 1, 1
70, 20, 5, 3, 2
10, 5, 2, 1, 1
90, 5, 3, 1, 1
10, 5, 2, 1, 1
90, 5, 3, 1, 1
10, 80, 5, 3, 2
90, 5, 3, 1, 1
10, 5, 5, 3, 2
90, 5, 3, 1, 1
20, 10, 5, 3, 2
90, 5, 3, 1, 1
0, 0, 0, 0, 100
90, 5, 3, 1, 1
10, 5, 2, 1, 1
90, 5, 3, 1, 1
20, 5, 2, 1, 1
90, 5, 3, 1, 1
20, 10, 5, 3, 2
90, 5, 3, 1, 1
10, 5, 80, 3, 2
70, 20, 5, 3, 2
20, 10, 5, 3, 2
90, 5, 3, 1, 1
0, 0, 0, 0, 100
90, 5, 3, 1, 1
20, 10, 5, 3, 2
90, 5, 3, 1, 1
20, 5, 2, 1, 1
90, 5, 3, 1, 1
10, 5, 3, 1, 1
90, 5, 3, 1, 1
20, 5, 2, 1, 1
90, 5, 3, 1, 1
20, 60, 10, 5, 5
90, 5, 3, 1, 1
10, 5, 2, 1, 1
90, 5, 3, 1, 1
0, 0, 0, 0, 100
90, 5, 3, 1, 1
20, 10, 5, 3, 2
90, 5, 3, 1, 1
20, 10, 5, 3, 2
90, 5, 3, 1, 1
20, 10, 5, 3, 2
90, 5, 3, 1, 1
20, 5, 2, 1, 1
70, 20, 5, 3, 2
10, 5, 2, 1, 1
90, 5, 3, 1, 1
20, 5, 2, 1, 1
70, 20, 5, 3, 2
10, 5, 2, 1, 1
90, 5, 3, 1, 1
10, 5, 80, 3, 2
70, 20, 5, 3, 2
10, 5, 2, 1, 1
90, 5, 3, 1, 1
10, 5, 2, 1, 1
70, 20, 5, 3, 2
20, 10, 5, 3, 2
90, 5, 3, 1, 1
20, 10, 5, 3, 2
90, 5, 3, 1, 1
0, 0, 0, 0, 100
90, 5, 3, 1, 1
10, 80, 5, 3, 2
70, 20, 5, 3, 2
20, 30, 40, 5, 5
90, 5, 3, 1, 1
20, 10, 5, 3, 2
90, 5, 3, 1, 1
0, 0, 0, 0, 100
90, 5, 3, 1, 1
70, 20, 5, 3, 2
70, 20, 5, 3, 2
0, 0, 0, 0, 100
90, 5, 3, 1, 1
10, 5, 2, 1, 1
90, 5, 3, 1, 1
10, 5, 2, 1, 1
90, 5, 3, 1, 1
10, 5, 2, 1, 1
90, 5, 3, 1, 1
10, 5, 80, 3, 2
90, 5, 3, 1, 1
20, 10, 5, 3, 2
90, 5, 3, 1, 1
20, 30, 40, 5, 5
70, 20, 5, 3, 2
10, 5, 3, 2, 1
90, 5, 3, 1, 1
20, 5, 2, 1, 1
70, 20, 5, 3, 2
10, 5, 2, 1, 1
90, 5, 3, 1, 1
10, 5, 2, 1, 1
90, 5, 3, 1, 1
20, 30, 30, 15, 5
90, 5, 3, 1, 1
20, 10, 5, 3, 2
90, 5, 3, 1, 1
10, 5, 2, 1, 1
90, 5, 3, 1, 1
10, 5, 2, 1, 1
90, 5, 3, 1, 1
10, 5, 2, 1, 1
90, 5, 3, 1, 1
20, 60, 15, 3, 2
90, 5, 3, 1, 1
20, 10, 5, 3, 2
90, 5, 3, 1, 1
10, 5, 5, 3, 2
90, 5, 3, 1, 1
20, 10, 5, 3, 2
90, 5, 3, 1, 1
20, 10, 5, 3, 2
90, 5, 3, 1, 1
10, 5, 2, 1, 1
90, 5, 3, 1, 1
20, 5, 2, 1, 1
90, 5, 3, 1, 1
10, 5, 2, 1, 1
90, 5, 3, 1, 1
10, 5, 2, 1, 1
70, 20, 5, 3, 2
20, 10, 5, 3, 2
90, 5, 3, 1, 1
10, 5, 2, 1, 1
70, 20, 5, 3, 2
10, 5, 5, 3, 2
90, 5, 3, 1, 1
20, 10, 5, 3, 2
90, 5, 3, 1, 1
20, 30, 40, 5, 5
90, 5, 3, 1, 1
10, 5, 2, 1, 1
70, 20, 5, 3, 2
10, 70, 15, 3, 2
90, 5, 3, 1, 1
10, 5, 2, 1, 1
70, 20, 5, 3, 2
10, 5, 2, 1, 1
90, 5, 3, 1, 1
20, 10, 5, 3, 2
90, 5, 3, 1, 1
70, 20, 5, 3, 2
90, 5, 3, 1, 1
0, 0, 0, 0, 100
90, 5, 3, 1, 1
0, 0, 0, 0, 100
70, 20, 5, 3, 2
20, 5, 2, 1, 1
90, 5, 3, 1, 1
20, 5, 2, 1, 1
90, 5, 3, 1, 1
20, 10, 5, 3, 2
90, 5, 3, 1, 1
10, 5, 2, 1, 1
90, 5, 3, 1, 1
10, 5, 2, 1, 1
90, 5, 3, 1, 1
10, 5, 2, 1, 1
90, 5, 3, 1, 1
0, 0, 0, 0, 100
70, 20, 5, 3, 2
20, 10, 5, 3, 2
90, 5, 3, 1, 1
10, 5, 2, 1, 1
90, 5, 3, 1, 1
20, 60, 10, 5, 5
70, 20, 5, 3, 2
10, 5, 2, 1, 1
90, 5, 3, 1, 1
10, 5, 2, 1, 1
90, 5, 3, 1, 1
0, 0, 0, 0, 100
90, 5, 3, 1, 1
10, 5, 2, 1, 1
90, 5, 3, 1, 1
20, 5, 2, 1, 1
90, 5, 3, 1, 1
20, 10, 5, 3, 2
90, 5, 3, 1, 1
20, 5, 2, 1, 1
10, 5, 2, 1, 1
20, 10, 5, 3, 2
90, 5, 3, 1, 1
0, 0, 0, 0, 100
90, 5, 3, 1, 1
10, 5, 2, 1, 1
90, 5, 3, 1, 1
10, 5, 3, 1, 1
90, 5, 3, 1, 1
10, 5, 2, 1, 1
90, 5, 3, 1, 1
20, 10, 5, 3, 2
90, 5, 3, 1, 1
20, 60, 15, 3, 2
90, 5, 3, 1, 1
10, 80, 5, 3, 2
90, 5, 3, 1, 1
20, 30, 40, 5, 5
70, 20, 5, 3, 2
10, 5, 5, 3, 2
90, 5, 3, 1, 1
10, 5, 2, 1, 1
90, 5, 3, 1, 1
20, 30, 30, 15, 5
90, 5, 3, 1, 1
20, 5, 2, 1, 1
90, 5, 3, 1, 1
20, 5, 2, 1, 1
70, 20, 5, 3, 2
20, 10, 5, 3, 2
90, 5, 3, 1, 1
70, 20, 5, 3, 2
90, 5, 3, 1, 1
10, 5, 80, 3, 2
90, 5, 3, 1, 1
0, 0, 0, 0, 100
90, 5, 3, 1, 1
0, 0, 0, 0, 100
90, 5, 3, 1, 1
10, 5, 2, 1, 1
90, 5, 3, 1, 1
20, 10, 5, 3, 2
90, 5, 3, 1, 1
70, 20, 5, 3, 2
90, 5, 3, 1, 1
20, 60, 15, 3, 2
90, 5, 3, 1, 1
20, 5, 2, 1, 1
90, 5, 3, 1, 1
70, 20, 5, 3, 2
90, 5, 3, 1, 1
0, 0, 0, 0, 100
90, 5, 3, 1, 1
20, 10, 5, 3, 2
90, 5, 3, 1, 1
20, 10, 5, 3, 2
90, 5, 3, 1, 1
20, 10, 5, 3, 2
90, 5, 3, 1, 1
10, 5, 3, 1, 1
70, 20, 5, 3, 2
20, 5, 2, 1, 1
70, 20, 5, 3, 2
20, 10, 5, 3, 2
90, 5, 3, 1, 1
10, 5, 5, 3, 2
90, 5, 3, 1, 1
10, 5, 2, 1, 1
70, 20, 5, 3, 2
10, 5, 3, 1, 1
90, 5, 3, 1, 1
10, 5, 2, 1, 1
90, 5, 3, 1, 1
20, 10, 5, 3, 2
90, 5, 3, 1, 1
20, 10, 5, 3, 2
90, 5, 3, 1, 1
10, 5, 2, 1, 1
70, 20, 5, 3, 2
20, 5, 2, 1, 1
90, 5, 3, 1, 1
20, 10, 5, 3, 2
90, 5, 3, 1, 1
10, 5, 2, 1, 1
90, 5, 3, 1, 1
20, 10, 5, 3, 2
90, 5, 3, 1, 1
20, 30, 40, 5, 5
90, 5, 3, 1, 1
10, 5, 3, 1, 1
90, 5, 3, 1, 1
0, 0, 0, 0, 100
90, 5, 3, 1, 1
10, 5, 2, 1, 1
70, 20, 5, 3, 2
20, 60, 15, 3, 2
90, 5, 3, 1, 1
70, 20, 5, 3, 2
70, 20, 5, 3, 2
10, 5, 2, 1, 1
70, 20, 5, 3, 2
10, 5, 2, 1, 1
90, 5, 3, 1, 1
20, 5, 2, 1, 1
70, 20, 5, 3, 2
10, 5, 2, 1, 1
90, 5, 3, 1, 1
10, 5, 2, 1, 1
90, 5, 3, 1, 1
10, 5, 80, 3, 2
70, 20, 5, 3, 2
0, 0, 0, 0, 100
90, 5, 3, 1, 1
20, 10, 5, 3, 2
70, 20, 5, 3, 2

The summary covers the main topic of the article, which is the sale of the Soloist building in Belfast. However, it lacks key points such as the involvement of law firm Pinsent Masons, the property company William Ewart, the buyer CL 10 Ltd, and the background information about the construction and funding of the building. The summary is clear but lacks important details from the news article.
10, 5, 2, 1, 1
70, 20, 5, 3, 2
70, 20, 5, 3, 2
90, 5, 3, 1, 1
20, 10, 5, 3, 2
90, 5, 3, 1, 1
20, 10, 5, 3, 2
70, 20, 5, 3, 2
10, 5, 2, 1, 1
90, 5, 3, 1, 1
20, 5, 2, 1, 1
10, 5, 2, 1, 1
0, 0, 0, 0, 100
90, 5, 3, 1, 1
20, 70, 5, 3, 2
70, 20, 5, 3, 2
20, 5, 2, 1, 1
90, 5, 3, 1, 1
10, 5, 2, 1, 1
90, 5, 3, 1, 1
20, 10, 5, 3, 2
90, 5, 3, 1, 1
20, 5, 2, 1, 1
90, 5, 3, 1, 1
10, 5, 80, 3, 2
90, 5, 3, 1, 1
20, 10, 5, 3, 2
70, 20, 5, 3, 2
10, 5, 2, 1, 1
90, 5, 3, 1, 1
20, 30, 40, 5, 5
70, 20, 5, 3, 2
20, 50, 20, 5, 5
90, 5, 3, 1, 1
10, 5, 5, 3, 2
70, 20, 5, 3, 2
0, 0, 0, 0, 100
70, 20, 5, 3, 2
20, 10, 5, 3, 2
90, 5, 3, 1, 1
20, 10, 5, 3, 2
90, 5, 3, 1, 1
20, 10, 5, 3, 2
90, 5, 3, 1, 1
10, 5, 2, 1, 1
90, 5, 3, 1, 1
0, 0, 0, 0, 100
90, 5, 3, 1, 1
10, 5, 2, 1, 1
90, 5, 3, 1, 1
20, 5, 2, 1, 1
90, 5, 3, 1, 1
10, 5, 2, 1, 1
90, 5, 3, 1, 1
0, 0, 0, 0, 100
90, 5, 3, 1, 1
20, 30, 30, 15, 5
90, 5, 3, 1, 1

The summary covers the main topic and key points of the news article, mentioning the teams involved and the upcoming match. It presents the information in a clear and logical order. There is a high likelihood of the summary receiving a score of 5, with a small chance of receiving a lower score due to potential minor details that could have been included.
10, 5, 2, 1, 1
90, 5, 3, 1, 1
10, 5, 5, 3, 2
90, 5, 3, 1, 1
10, 5, 2, 1, 1
90, 5, 3, 1, 1
20, 10, 5, 3, 2
90, 5, 3, 1, 1
20, 10, 5, 3, 2
90, 5, 3, 1, 1
10, 5, 2, 1, 1
90, 5, 3, 1, 1
70, 20, 5, 3, 2
90, 5, 3, 1, 1
10, 5, 2, 1, 1
90, 5, 3, 1, 1
0, 0, 0, 0, 100
90, 5, 3, 1, 1
20, 10, 5, 3, 2
90, 5, 3, 1, 1
20, 10, 5, 3, 2
90, 5, 3, 1, 1
0, 0, 0, 0, 100
70, 20, 5, 3, 2
20, 10, 5, 3, 2
90, 5, 3, 1, 1
10, 5, 2, 1, 1
90, 5, 3, 1, 1
10, 5, 2, 1, 1
90, 5, 3, 1, 1
10, 5, 2, 1, 1
90, 5, 3, 1, 1
10, 5, 80, 3, 2
90, 5, 3, 1, 1
0, 0, 0, 0, 100
90, 5, 3, 1, 1
10, 5, 2, 1, 1
90, 5, 3, 1, 1
10, 5, 3, 1, 1
70, 20, 5, 3, 2
20, 5, 2, 1, 1
70, 15, 10, 3, 2
20, 10, 5, 3, 2
90, 5, 3, 1, 1
10, 5, 2, 1, 1
90, 5, 3, 1, 1
10, 5, 2, 1, 1
90, 5, 3, 1, 1
20, 10, 5, 3, 2
90, 5, 3, 1, 1
10, 5, 2, 1, 1
90, 5, 3, 1, 1
10, 5, 5, 3, 2
90, 5, 3, 1, 1
10, 5, 2, 1, 1
90, 5, 3, 1, 1
20, 5, 2, 1, 1
70, 20, 5, 3, 2
20, 10, 5, 3, 2
90, 5, 3, 1, 1
20, 10, 5, 3, 2
70, 20, 5, 3, 2
20, 30, 30, 15, 5
90, 5, 3, 1, 1
20, 30, 40, 5, 5
90, 5, 3, 1, 1
70, 20, 5, 3, 2
90, 5, 3, 1, 1
10, 5, 2, 1, 1
90, 5, 3, 1, 1
0, 0, 0, 0, 100
90, 5, 3, 1, 1
20, 5, 2, 1, 1
70, 20, 5, 3, 2
10, 5, 2, 1, 1
90, 5, 3, 1, 1
20, 70, 5, 3, 2
90, 5, 3, 1, 1
10, 5, 2, 1, 1
90, 5, 3, 1, 1
10, 5, 2, 1, 1
90, 5, 3, 1, 1
0, 0, 0, 0, 100
90, 5, 3, 1, 1
0, 0, 0, 0, 100
70, 20, 5, 3, 2
20, 30, 10, 5, 5
90, 5, 3, 1, 1
20, 10, 5, 3, 2
90, 5, 3, 1, 1
20, 10, 5, 3, 2
90, 5, 3, 1, 1
20, 30, 40, 5, 5
90, 5, 3, 1, 1
0, 0, 0, 0, 100
70, 20, 5, 3, 2
10, 5, 2, 1, 1
90, 5, 3, 1, 1
10, 5, 2, 1, 1
90, 5, 3, 1, 1
70, 20, 5, 3, 2
90, 5, 3, 1, 1
70, 20, 5, 3, 2
90, 5, 3, 1, 1
0, 0, 0, 0, 100
90, 5, 3, 1, 1
20, 10, 5, 3, 2
90, 5, 3, 1, 1
20, 5, 2, 1, 1
90, 5, 3, 1, 1
70, 20, 5, 3, 2
90, 5, 3, 1, 1
20, 10, 5, 3, 2
90, 5, 3, 1, 1
20, 60, 15, 3, 2
90, 5, 3, 1, 1
70, 20, 5, 3, 2
70, 20, 5, 3, 2
20, 10, 5, 3, 2
90, 5, 3, 1, 1
20, 60, 10, 5, 5
90, 5, 3, 1, 1
10, 5, 2, 1, 1
90, 5, 3, 1, 1
10, 5, 2, 1, 1
90, 5, 3, 1, 1
10, 5, 2, 1, 1
70, 20, 5, 3, 2
10, 5, 5, 3, 2
90, 5, 3, 1, 1
10, 5, 80, 3, 2
90, 5, 3, 1, 1
20, 10, 5, 3, 2
90, 5, 3, 1, 1
0, 0, 0, 0, 100
90, 5, 3, 1, 1
20, 60, 10, 5, 5
90, 5, 3, 1, 1
20, 50, 20, 5, 5
90, 5, 3, 1, 1
10, 5, 2, 1, 1
70, 20, 5, 3, 2
10, 5, 5, 3, 2
70, 20, 5, 3, 2
20, 5, 2, 1, 1
70, 20, 5, 3, 2
10, 5, 2, 1, 1
70, 20, 5, 3, 2
20, 10, 5, 3, 2
90, 5, 3, 1, 1
20, 5, 2, 1, 1
90, 5, 3, 1, 1
20, 60, 15, 3, 2
90, 5, 3, 1, 1
20, 10, 5, 3, 2
90, 5, 3, 1, 1
10, 5, 80, 3, 2
90, 5, 3, 1, 1
10, 5, 2, 1, 1
90, 5, 3, 1, 1
20, 5, 2, 1, 1
90, 5, 3, 1, 1
10, 5, 5, 3, 2
90, 5, 3, 1, 1
10, 5, 2, 1, 1
90, 5, 3, 1, 1
10, 5, 2, 1, 1
70, 20, 5, 3, 2
10, 5, 2, 1, 1
90, 5, 3, 1, 1
10, 5, 2, 1, 1
90, 5, 3, 1, 1
10, 5, 2, 1, 1
90, 5, 3, 1, 1
10, 5, 2, 1, 1
90, 5, 3, 1, 1
10, 5, 2, 1, 1
90, 5, 3, 1, 1
0, 0, 0, 0, 100
90, 5, 3, 1, 1
10, 5, 2, 1, 1
90, 5, 3, 1, 1
10, 5, 80, 3, 2
90, 5, 3, 1, 1
10, 5, 2, 1, 1
90, 5, 3, 1, 1
10, 70, 15, 5, 0
90, 5, 3, 1, 1
20, 5, 2, 1, 1
90, 5, 3, 1, 1
0, 0, 0, 0, 100
90, 5, 3, 1, 1
10, 5, 3, 1, 1
90, 5, 3, 1, 1
10, 5, 2, 1, 1
90, 5, 3, 1, 1
10, 5, 2, 1, 1
90, 5, 3, 1, 1
10, 5, 80, 3, 2
70, 20, 5, 3, 2
20, 50, 20, 5, 5
90, 5, 3, 1, 1
10, 5, 80, 3, 2
90, 5, 3, 1, 1
10, 70, 15, 3, 2
90, 5, 3, 1, 1
20, 60, 10, 5, 5
90, 5, 3, 1, 1
10, 5, 2, 1, 1
90, 5, 3, 1, 1
10, 5, 2, 1, 1
90, 5, 3, 1, 1
20, 10, 5, 3, 2
70, 20, 5, 3, 2
0, 0, 0, 0, 100
90, 5, 3, 1, 1
10, 5, 2, 1, 1
90, 5, 3, 1, 1
10, 5, 2, 1, 1
70, 20, 5, 3, 2
10, 5, 2, 1, 1
90, 5, 3, 1, 1
20, 30, 40, 5, 5
90, 5, 3, 1, 1
20, 5, 2, 1, 1
90, 5, 3, 1, 1
10, 5, 2, 1, 1
70, 20, 5, 3, 2
20, 10, 5, 3, 2
90, 5, 3, 1, 1
10, 5, 2, 1, 1
90, 5, 3, 1, 1
10, 5, 2, 1, 1
90, 5, 3, 1, 1
10, 5, 2, 1, 1
90, 5, 3, 1, 1
70, 20, 5, 3, 2
90, 5, 3, 1, 1
0, 0, 0, 0, 100
70, 20, 5, 3, 2
70, 20, 5, 3, 2
90, 5, 3, 1, 1
10, 5, 2, 1, 1
70, 20, 5, 3, 2
10, 5, 2, 1, 1
70, 20, 5, 3, 2
20, 5, 2, 1, 1
90, 5, 3, 1, 1
0, 0, 0, 0, 100
90, 5, 3, 1, 1
20, 10, 5, 3, 2
90, 5, 3, 1, 1
20, 5, 2, 1, 1
90, 5, 3, 1, 1
10, 5, 2, 1, 1
90, 5, 3, 1, 1
10, 5, 2, 1, 1
90, 5, 3, 1, 1
20, 10, 5, 3, 2
90, 5, 3, 1, 1
10, 5, 2, 1, 1
90, 5, 3, 1, 1
0, 0, 0, 0, 100
90, 5, 3, 1, 1
10, 5, 80, 3, 2
90, 5, 3, 1, 1
20, 60, 10, 5, 5
90, 5, 3, 1, 1
20, 30, 40, 5, 5
90, 5, 3, 1, 1
0, 0, 0, 0, 100
90, 5, 3, 1, 1
20, 5, 2, 1, 1
90, 5, 3, 1, 1
20, 10, 5, 3, 2
70, 20, 5, 3, 2
70, 20, 5, 3, 2
90, 5, 3, 1, 1
70, 20, 5, 3, 2
70, 20, 5, 3, 2
20, 10, 5, 3, 2
90, 5, 3, 1, 1
20, 10, 5, 3, 2
90, 5, 3, 1, 1
10, 5, 2, 1, 1
90, 5, 3, 1, 1
20, 10, 5, 3, 2
90, 5, 3, 1, 1
20, 10, 5, 3, 2
90, 5, 3, 1, 1
20, 10, 5, 3, 2
90, 5, 3, 1, 1
10, 5, 2, 1, 1
70, 20, 5, 3, 2
10, 5, 2, 1, 1
90, 5, 3, 1, 1
10, 5, 2, 1, 1
90, 5, 3, 1, 1
10, 5, 2, 1, 1
90, 5, 3, 1, 1
20, 10, 5, 3, 2
90, 5, 3, 1, 1
10, 5, 2, 1, 1
90, 5, 3, 1, 1
10, 5, 80, 3, 2
90, 5, 3, 1, 1
10, 5, 2, 1, 1
90, 5, 3, 1, 1
70, 20, 5, 3, 2
70, 20, 5, 3, 2
20, 5, 2, 1, 1
90, 5, 3, 1, 1
10, 5, 2, 1, 1
90, 5, 3, 1, 1
20, 70, 5, 3, 2
90, 5, 3, 1, 1
20, 10, 5, 3, 2
70, 20, 5, 3, 2
10, 5, 5, 5, 75
90, 5, 3, 1, 1
20, 5, 2, 1, 1
90, 5, 3, 1, 1
10, 5, 2, 1, 1
90, 5, 3, 1, 1
10, 5, 2, 1, 1
90, 5, 3, 1, 1
20, 5, 2, 1, 1
70, 20, 5, 3, 2
10, 5, 5, 3, 2
90, 5, 3, 1, 1
10, 5, 2, 1, 1
90, 5, 3, 1, 1
10, 5, 2, 1, 1
70, 20, 5, 3, 2
20, 10, 5, 3, 2
90, 5, 3, 1, 1
20, 60, 10, 5, 5
90, 5, 3, 1, 1
10, 80, 5, 3, 2
90, 5, 3, 1, 1
10, 5, 5, 80, 0
70, 20, 5, 3, 2
10, 5, 5, 3, 2
90, 5, 3, 1, 1
10, 70, 15, 3, 2
90, 5, 3, 1, 1
10, 5, 2, 1, 1
90, 5, 3, 1, 1
10, 5, 2, 1, 1
90, 5, 3, 1, 1
10, 5, 2, 1, 1
70, 20, 5, 3, 2
20, 5, 2, 1, 1
90, 5, 3, 1, 1
10, 5, 80, 3, 2
10, 5, 2, 1, 1
10, 5, 3, 1, 1
90, 5, 3, 1, 1
10, 5, 2, 1, 1
90, 5, 3, 1, 1
0, 0, 0, 0, 100
90, 5, 3, 1, 1
10, 80, 5, 3, 2
90, 5, 3, 1, 1
10, 5, 2, 1, 1
70, 20, 5, 3, 2
10, 5, 2, 1, 1
90, 5, 3, 1, 1
20, 10, 5, 3, 2
70, 20, 5, 3, 2
10, 5, 2, 1, 1
85, 10, 3, 1, 1
20, 10, 5, 3, 2
90, 5, 3, 1, 1
0, 0, 0, 0, 100
90, 5, 3, 1, 1
20, 5, 2, 1, 1
90, 5, 3, 1, 1
10, 70, 15, 3, 2
90, 5, 3, 1, 1
10, 5, 2, 1, 1
90, 5, 3, 1, 1
20, 10, 5, 3, 2
90, 5, 3, 1, 1
20, 10, 5, 3, 2
70, 20, 5, 3, 2
20, 5, 2, 1, 1
90, 5, 3, 1, 1
10, 5, 5, 3, 2
90, 5, 3, 1, 1

The summary covers the main topic of the article, which is about two pages from a 13th Century text of the holy book of Islam being displayed in a Leeds museum. However, it lacks key points such as the confirmation of the paper's age and origin by the Victoria and Albert Museum, the specific surahs shown on the pages, and the duration of the display. The summary is clear and logical but misses important details from the article.
10, 5, 2, 1, 1
70, 20, 5, 3, 2
20, 5, 2, 1, 1
90, 5, 3, 1, 1
70, 20, 5, 3, 2
90, 5, 3, 1, 1
20, 5, 2, 1, 1
90, 5, 3, 1, 1
10, 5, 5, 3, 2
90, 5, 3, 1, 1
20, 30, 40, 5, 5
70, 20, 5, 3, 2
20, 5, 2, 1, 1
90, 5, 3, 1, 1
10, 5, 2, 1, 1
90, 5, 3, 1, 1
20, 10, 5, 3, 2
90, 5, 3, 1, 1
10, 5, 2, 1, 1
70, 20, 5, 3, 2
10, 5, 2, 1, 1
70, 20, 5, 3, 2
10, 5, 2, 1, 1
90, 5, 3, 1, 1
20, 30, 30, 15, 5
90, 5, 3, 1, 1
20, 10, 5, 3, 2
90, 5, 3, 1, 1
10, 20, 30, 20, 20
90, 5, 3, 1, 1
20, 30, 40, 5, 5
90, 5, 3, 1, 1
20, 10, 5, 3, 2
90, 5, 3, 1, 1
10, 5, 2, 1, 1
90, 5, 3, 1, 1
10, 5, 5, 3, 2
20, 10, 5, 3, 2
20, 30, 40, 5, 5
90, 5, 3, 1, 1
0, 0, 0, 0, 100
90, 5, 3, 1, 1
20, 10, 5, 3, 2
90, 5, 3, 1, 1
10, 5, 5, 3, 2
90, 5, 3, 1, 1
10, 5, 2, 1, 1
90, 5, 3, 1, 1
20, 30, 40, 5, 5
70, 20, 5, 3, 2
20, 30, 40, 5, 5
90, 5, 3, 1, 1
10, 5, 80, 3, 2
70, 20, 5, 3, 2
20, 30, 40, 5, 5
90, 5, 3, 1, 1
10, 5, 2, 1, 1
90, 5, 3, 1, 1
20, 60, 10, 5, 5
90, 5, 3, 1, 1
10, 5, 5, 5, 75
90, 5, 3, 1, 1
20, 10, 5, 3, 2
90, 5, 3, 1, 1
10, 5, 2, 1, 1
90, 5, 3, 1, 1
20, 10, 5, 3, 2
90, 5, 3, 1, 1
10, 5, 2, 1, 1
90, 5, 3, 1, 1
0, 0, 0, 0, 100
90, 5, 3, 1, 1
20, 10, 5, 3, 2
90, 5, 3, 1, 1
20, 10, 5, 3, 2
90, 5, 3, 1, 1
10, 5, 2, 1, 1
90, 5, 3, 1, 1
10, 5, 2, 1, 1
90, 5, 3, 1, 1
10, 5, 5, 3, 2
90, 5, 3, 1, 1
20, 60, 15, 3, 2
90, 5, 3, 1, 1
20, 10, 5, 3, 2
90, 5, 3, 1, 1
20, 10, 5, 3, 2
70, 20, 5, 3, 2
20, 10, 5, 3, 2
70, 20, 5, 3, 2
10, 5, 3, 1, 1
90, 5, 3, 1, 1
0, 0, 0, 0, 100
90, 5, 3, 1, 1
20, 60, 10, 5, 5
90, 5, 3, 1, 1
0, 0, 0, 0, 100
70, 20, 5, 3, 2
10, 5, 2, 1, 1
90, 5, 3, 1, 1
10, 5, 2, 1, 1
90, 5, 3, 1, 1
10, 5, 2, 1, 1
70, 20, 5, 3, 2
10, 5, 80, 3, 2
90, 5, 3, 1, 1

The summary covers the main topic of Hartlepool United seeking a new manager and mentions the specific candidate, Paul Cox, from Barrow. It also includes key points such as the permission given for talks and the source of the report being BBC Radio Cumbria. The summary presents the information in a clear and logical order, making it highly likely to receive a score of 5. There is a small chance of receiving a lower score due to potential missing details or context from the original article.
20, 5, 2, 1, 1
70, 20, 5, 3, 2
10, 5, 2, 1, 1
90, 5, 3, 1, 1
20, 10, 5, 3, 2
90, 5, 3, 1, 1
10, 5, 2, 1, 1
90, 5, 3, 1, 1
10, 5, 2, 1, 1
90, 5, 3, 1, 1
70, 20, 5, 3, 2
90, 5, 3, 1, 1
10, 80, 5, 3, 2
90, 5, 3, 1, 1
10, 5, 2, 1, 1
90, 5, 3, 1, 1
10, 5, 2, 1, 1
90, 5, 3, 1, 1
10, 5, 80, 3, 2
90, 5, 3, 1, 1
20, 10, 5, 3, 2
70, 20, 5, 3, 2
10, 80, 5, 3, 2
90, 5, 3, 1, 1
0, 0, 0, 0, 100
90, 5, 3, 1, 1
20, 60, 15, 3, 2
90, 5, 3, 1, 1
10, 5, 2, 1, 1
90, 5, 3, 1, 1
10, 5, 2, 1, 1
90, 5, 3, 1, 1
10, 5, 2, 1, 1
70, 20, 5, 3, 2
20, 30, 40, 5, 5
90, 5, 3, 1, 1
10, 5, 80, 3, 2
70, 20, 5, 3, 2
20, 30, 30, 15, 5
70, 20, 5, 3, 2
20, 30, 40, 5, 5
90, 5, 3, 1, 1
10, 5, 2, 1, 1
90, 5, 3, 1, 1
20, 5, 2, 1, 1
70, 20, 5, 3, 2
10, 5, 2, 1, 1
90, 5, 3, 1, 1
20, 10, 5, 3, 2
90, 5, 3, 1, 1
20, 5, 2, 1, 1
90, 5, 3, 1, 1
10, 5, 2, 1, 1
90, 5, 3, 1, 1
0, 0, 0, 0, 100
70, 20, 5, 3, 2
20, 10, 5, 3, 2
90, 5, 3, 1, 1
10, 5, 2, 1, 1
90, 5, 3, 1, 1
0, 0, 0, 0, 100
90, 5, 3, 1, 1
20, 10, 5, 3, 2
90, 5, 3, 1, 1
20, 5, 2, 1, 1
70, 20, 5, 3, 2
20, 10, 5, 3, 2
90, 5, 3, 1, 1
20, 10, 5, 3, 2
90, 5, 3, 1, 1
10, 5, 80, 3, 2
90, 5, 3, 1, 1
20, 10, 5, 3, 2
90, 5, 3, 1, 1
10, 5, 80, 3, 2
90, 5, 3, 1, 1
20, 30, 40, 5, 5
90, 5, 3, 1, 1
10, 5, 5, 3, 2
90, 5, 3, 1, 1
10, 5, 2, 1, 1
90, 5, 3, 1, 1
20, 10, 5, 3, 2
90, 5, 3, 1, 1
0, 0, 0, 0, 100
90, 5, 3, 1, 1
20, 5, 2, 1, 1
90, 5, 3, 1, 1
20, 60, 10, 5, 5
90, 5, 3, 1, 1
20, 60, 15, 3, 2
90, 5, 3, 1, 1
90, 5, 3, 1, 1
90, 5, 3, 1, 1
10, 5, 2, 1, 1
90, 5, 3, 1, 1
0, 0, 0, 0, 100
70, 15, 10, 3, 2
20, 5, 2, 1, 1
90, 5, 3, 1, 1
10, 5, 2, 1, 1
90, 5, 3, 1, 1
10, 5, 5, 3, 2
90, 5, 3, 1, 1
20, 10, 5, 3, 2
90, 5, 3, 1, 1

The summary covers the main topic of the Duchess of Cambridge conducting the symphony orchestra on the final day of the royal tour of Germany. However, it lacks key points such as the involvement of schoolchildren in the event, the visit to the Airbus factory, and the reactions of Prince George and Princess Charlotte. The summary is clear and presented in a logical order, but it misses important details from the news article.
0, 0, 0, 0, 100
90, 5, 3, 1, 1
20, 5, 3, 1, 1
90, 5, 3, 1, 1
10, 5, 2, 1, 1
90, 5, 3, 1, 1
10, 5, 2, 1, 1
70, 20, 5, 3, 2
10, 5, 2, 1, 1
90, 5, 3, 1, 1
0, 0, 0, 0, 100
90, 5, 3, 1, 1
10, 5, 2, 1, 1
90, 5, 3, 1, 1
20, 5, 2, 1, 1
90, 5, 3, 1, 1
10, 5, 2, 1, 1
90, 5, 3, 1, 1
20, 10, 5, 3, 2
90, 5, 3, 1, 1
10, 5, 2, 1, 1
70, 20, 5, 3, 2
10, 5, 2, 1, 1
70, 20, 5, 3, 2
10, 5, 2, 1, 1
90, 5, 3, 1, 1
10, 5, 2, 1, 1
90, 5, 3, 1, 1
10, 5, 2, 1, 1
90, 5, 3, 1, 1
10, 5, 2, 1, 1
90, 5, 3, 1, 1
10, 5, 2, 1, 1
70, 20, 5, 3, 2
0, 0, 0, 0, 100
90, 5, 3, 1, 1
10, 5, 2, 1, 1
70, 20, 5, 3, 2
10, 5, 2, 1, 1
90, 5, 3, 1, 1
10, 5, 2, 1, 1
90, 5, 3, 1, 1
10, 5, 2, 1, 1
90, 5, 3, 1, 1
20, 5, 2, 1, 1
70, 20, 5, 3, 2
20, 10, 5, 3, 2
90, 5, 3, 1, 1
10, 5, 2, 1, 1
90, 5, 3, 1, 1
10, 5, 2, 1, 1
70, 20, 5, 3, 2
10, 5, 2, 1, 1
90, 5, 3, 1, 1
20, 60, 10, 5, 5
90, 5, 3, 1, 1
10, 5, 2, 1, 1
90, 5, 3, 1, 1
10, 5, 2, 1, 1
90, 5, 3, 1, 1
10, 5, 2, 1, 1
70, 20, 5, 3, 2
10, 5, 2, 1, 1
90, 5, 3, 1, 1
10, 80, 5, 3, 2
90, 5, 3, 1, 1
20, 10, 5, 3, 2
90, 5, 3, 1, 1
20, 5, 2, 1, 1
90, 5, 3, 1, 1
10, 5, 2, 1, 1
90, 5, 3, 1, 1
20, 10, 5, 3, 2
70, 20, 5, 3, 2
20, 70, 5, 3, 2
90, 5, 3, 1, 1
0, 0, 0, 0, 100
90, 5, 3, 1, 1
10, 5, 2, 1, 1
70, 20, 5, 3, 2
20, 60, 10, 5, 5
90, 5, 3, 1, 1
20, 5, 2, 1, 1
90, 5, 3, 1, 1
20, 10, 5, 3, 2
70, 20, 5, 3, 2
10, 5, 2, 1, 1
90, 5, 3, 1, 1
0, 0, 0, 0, 100
90, 5, 3, 1, 1
0, 0, 0, 0, 100
70, 20, 5, 3, 2
70, 20, 5, 3, 2
90, 5, 3, 1, 1
70, 20, 5, 3, 2
90, 5, 3, 1, 1
20, 30, 40, 5, 5
90, 5, 3, 1, 1
10, 5, 2, 1, 1
90, 5, 3, 1, 1
20, 5, 2, 1, 1
90, 5, 3, 1, 1
10, 70, 15, 3, 2
70, 20, 5, 3, 2
0, 0, 0, 0, 100
90, 5, 3, 1, 1
20, 30, 40, 5, 5
70, 20, 5, 3, 2
10, 5, 2, 1, 1
90, 5, 3, 1, 1
10, 5, 2, 1, 1
90, 5, 3, 1, 1
10, 5, 2, 1, 1
90, 5, 3, 1, 1
20, 10, 5, 3, 2
70, 20, 5, 3, 2
10, 5, 5, 3, 2
70, 20, 5, 3, 2
0, 0, 0, 0, 100
90, 5, 3, 1, 1
0, 0, 0, 0, 100
90, 5, 3, 1, 1
20, 5, 2, 1, 1
70, 20, 5, 3, 2
10, 5, 5, 80, 0
90, 5, 3, 1, 1
20, 5, 2, 1, 1
90, 5, 3, 1, 1
10, 5, 2, 1, 1
90, 5, 3, 1, 1
10, 5, 2, 1, 1
90, 5, 3, 1, 1
20, 10, 5, 3, 2
90, 5, 3, 1, 1

The summary covers the main topic of the article, which is the future of Lydney Harbour being secured by a local business. It mentions the Environment Agency choosing a bidder to become the new custodian and the plans to work with the local community to develop the site. However, it lacks key points such as the historical background of the harbour, the role of the EA in managing it, and the negotiations expected to take place. Overall, the summary presents the information in a clear and logical order but misses some important details from the article.
10, 5, 2, 1, 1
70, 20, 5, 3, 2
10, 5, 2, 1, 1
70, 20, 5, 3, 2
10, 5, 2, 1, 1
90, 5, 3, 1, 1
10, 5, 2, 1, 1
90, 5, 3, 1, 1
10, 5, 2, 1, 1
90, 5, 3, 1, 1
10, 5, 2, 1, 1
90, 5, 3, 1, 1
20, 10, 5, 3, 2
90, 5, 3, 1, 1
0, 0, 0, 0, 100
90, 5, 3, 1, 1
20, 10, 5, 3, 2
90, 5, 3, 1, 1
0, 0, 0, 0, 100
70, 20, 5, 3, 2
20, 5, 2, 1, 1
90, 5, 3, 1, 1
20, 10, 5, 3, 2
90, 5, 3, 1, 1
20, 5, 2, 1, 1
90, 5, 3, 1, 1
10, 5, 2, 1, 1
90, 5, 3, 1, 1
20, 10, 5, 3, 2
90, 5, 3, 1, 1
10, 5, 2, 1, 1
70, 20, 5, 3, 2
10, 5, 2, 1, 1
90, 5, 3, 1, 1
10, 5, 5, 80, 0
70, 20, 5, 3, 2
20, 30, 40, 5, 5
70, 20, 5, 3, 2
20, 10, 5, 3, 2
90, 5, 3, 1, 1
0, 0, 0, 0, 100
90, 5, 3, 1, 1
10, 5, 2, 1, 1
100, 0, 0, 0, 0
90, 5, 3, 1, 1
90, 5, 3, 1, 1

The summary covers the main topic of Graeme Shinnie signing a new contract with Aberdeen and mentions the key points such as his commitment to the club and the manager's praise for him. However, it lacks some details from the original article such as his previous club and the number of appearances he has made. Overall, the summary presents the information in a clear and logical order but could provide more context.
0, 0, 0, 0, 100
90, 5, 3, 1, 1
20, 30, 40, 5, 5
90, 5, 3, 1, 1
20, 60, 10, 5, 5
90, 5, 3, 1, 1
10, 5, 2, 1, 1
70, 20, 5, 3, 2
10, 5, 2, 1, 1
90, 5, 3, 1, 1
20, 10, 5, 3, 2
90, 5, 3, 1, 1
0, 0, 0, 0, 100
90, 5, 3, 1, 1
10, 5, 2, 1, 1
90, 5, 3, 1, 1
10, 5, 2, 1, 1
90, 5, 3, 1, 1
20, 10, 5, 3, 2
90, 5, 3, 1, 1
10, 5, 2, 1, 1
90, 5, 3, 1, 1
10, 5, 5, 3, 2
70, 20, 5, 3, 2
10, 5, 2, 1, 1
90, 5, 3, 1, 1
10, 70, 15, 3, 2
90, 5, 3, 1, 1
10, 5, 2, 1, 1
90, 5, 3, 1, 1
10, 80, 5, 3, 2
90, 5, 3, 1, 1

The summary covers the main topic of heavy rain and flooding in Wales, but it lacks key points such as the specific areas affected and the duration of the weather warning. The summary is somewhat clear but lacks the specific details mentioned in the news article. It is likely to get a score of 3 or 4 out of 5.
10, 80, 5, 3, 2
90, 5, 3, 1, 1
10, 5, 5, 3, 2
70, 20, 5, 3, 2
0, 0, 0, 0, 100
90, 5, 3, 1, 1
10, 5, 2, 1, 1
90, 5, 3, 1, 1
10, 5, 2, 1, 1
90, 5, 3, 1, 1
70, 20, 5, 3, 2

The summary does not cover the main topic and key points of the news article, as it talks about a completely different incident unrelated to the shooting of police officers. It is not presented in a clear and logical order. Therefore, it is unlikely to receive a high score.
90, 5, 3, 1, 1
20, 5, 2, 1, 1
90, 5, 3, 1, 1
10, 5, 2, 1, 1
90, 5, 3, 1, 1
20, 10, 5, 3, 2
70, 20, 5, 3, 2
0, 0, 0, 0, 100
90, 5, 3, 1, 1
20, 10, 5, 3, 2
90, 5, 3, 1, 1
20, 10, 5, 3, 2
70, 20, 5, 3, 2
0, 0, 0, 0, 100
90, 5, 3, 1, 1
70, 20, 5, 3, 2
70, 20, 5, 3, 2
20, 10, 5, 3, 2
90, 5, 3, 1, 1
20, 5, 2, 1, 1
90, 5, 3, 1, 1
20, 10, 5, 3, 2
90, 5, 3, 1, 1
10, 5, 2, 1, 1
90, 5, 3, 1, 1
10, 70, 15, 3, 2
70, 20, 5, 3, 2
10, 5, 2, 1, 1
20, 10, 5, 3, 2
20, 30, 40, 5, 5
90, 5, 3, 1, 1
10, 5, 5, 3, 2
90, 5, 3, 1, 1
70, 20, 5, 3, 2
90, 5, 3, 1, 1
10, 5, 2, 1, 1
90, 5, 3, 1, 1
20, 60, 15, 3, 2
90, 5, 3, 1, 1
20, 5, 2, 1, 1
70, 20, 5, 3, 2
70, 20, 5, 3, 2
70, 20, 5, 3, 2
20, 10, 5, 3, 2
70, 20, 5, 3, 2
20, 10, 5, 3, 2
90, 5, 3, 1, 1
10, 5, 2, 1, 1
70, 20, 5, 3, 2
10, 5, 5, 3, 2
90, 5, 3, 1, 1
10, 5, 2, 1, 1
70, 20, 5, 3, 2

The summary covers the main topic of the article, which is the winners and nominees of the 2017 Bafta TV Awards. However, it lacks key points such as any standout winners or notable moments from the event. The summary is clear and presented in a logical order, but it could be improved by including more specific details from the article.
70, 20, 5, 3, 2
90, 5, 3, 1, 1
10, 5, 2, 1, 1
90, 5, 3, 1, 1
10, 5, 2, 1, 1
90, 5, 3, 1, 1
20, 5, 2, 1, 1
90, 5, 3, 1, 1
20, 10, 5, 3, 2
90, 5, 3, 1, 1
20, 5, 2, 1, 1
90, 5, 3, 1, 1
0, 0, 0, 0, 100
70, 20, 5, 3, 2
20, 60, 10, 5, 5
70, 20, 5, 3, 2
20, 10, 5, 3, 2
90, 5, 3, 1, 1
10, 5, 2, 1, 1
90, 5, 3, 1, 1
10, 5, 2, 1, 1
90, 5, 3, 1, 1
10, 70, 15, 3, 2
90, 5, 3, 1, 1
10, 5, 2, 1, 1
90, 5, 3, 1, 1
20, 60, 10, 5, 5
90, 5, 3, 1, 1
0, 0, 0, 0, 100
90, 5, 3, 1, 1
20, 60, 10, 5, 5
